gene	coverage	normalized_coverage	baseline_mean	baseline_std	baseline_mad
ABL1	618.0287	1.1783	1.1783	0.0385	0.0301
ABL2	570.8246	1.1123	1.1123	0.0369	0.0295
ACVR1	521.0169	1.0152	1.0152	0.0387	0.0300
ACVR1B	441.9038	0.8761	0.8761	0.0345	0.0276
AGO2	495.0290	0.9751	0.9751	0.0546	0.0410
AKT1	525.4362	0.9966	0.9966	0.0528	0.0381
AKT2	516.8802	1.0074	1.0074	0.0479	0.0357
AKT3	488.9542	0.9543	0.9543	0.0484	0.0365
ALK	584.6848	1.1271	1.1271	0.0374	0.0297
ALK,ALK.intron.18	668.5005	1.2637	1.2637	0.0196	0.0135
ALK,ALK.intron.18,ALK.intron.19	660.7643	1.2511	1.2511	0.0220	0.0172
ALOX12B	470.3390	0.9263	0.9263	0.0585	0.0456
AMER1	635.1855	1.2425	1.2425	0.0325	0.0271
ANKRD11	608.2162	1.1587	1.1587	0.0466	0.0344
APC	718.0036	1.3107	1.3107	0.0346	0.0277
AR	661.2030	1.2536	1.2536	0.0371	0.0281
ARAF	506.6810	0.9921	0.9921	0.0402	0.0308
ARFRP1	379.4553	0.7395	0.7395	0.0540	0.0421
ARID1A	601.9878	1.1519	1.1519	0.0422	0.0317
ARID1B	571.8219	1.1026	1.1026	0.0418	0.0327
ARID2	594.2783	1.1329	1.1329	0.0411	0.0315
ARID5B	687.4868	1.2702	1.2702	0.0305	0.0220
ASXL1	530.1800	1.0461	1.0461	0.0406	0.0329
ASXL2	569.9987	1.1239	1.1239	0.0333	0.0245
ATM	500.7747	0.9882	0.9882	0.0534	0.0420
ATR	533.1616	1.0306	1.0306	0.0492	0.0385
ATRX	550.3390	1.0452	1.0452	0.0439	0.0349
AURKA	600.0885	1.1547	1.1547	0.0485	0.0408
AURKB	490.0137	0.9558	0.9558	0.0426	0.0332
AXIN1	554.7668	1.0557	1.0557	0.0630	0.0497
AXIN2	575.4070	1.1245	1.1245	0.0388	0.0307
AXL	434.6165	0.8568	0.8568	0.0491	0.0395
B2M	521.3922	1.0269	1.0269	0.0418	0.0309
BABAM1	413.5329	0.8112	0.8112	0.0541	0.0406
BAP1	560.4307	1.0964	1.0964	0.0479	0.0373
BARD1	569.0038	1.0872	1.0872	0.0492	0.0373
BAT-25,KIT,KIT.intron.16	711.8895	1.3054	1.3054	0.0538	0.0463
BAT-26,MSH2,MSH2.intron.5	1057.4117	1.9563	1.9563	0.1520	0.1310
BAT-40	672.2034	1.2709	1.2709	0.0852	0.0676
BAT-RII,TGFBR2	980.0089	1.8153	1.8153	0.0977	0.0931
BBC3	380.4517	0.7451	0.7451	0.0532	0.0394
BCL10	645.2147	1.2016	1.2016	0.0379	0.0320
BCL2	705.2644	1.3130	1.3130	0.0305	0.0212
BCL2,BCL2.exon3.UTR	739.0079	1.3371	1.3371	0.0199	0.0145
BCL2L1	599.5586	1.1607	1.1607	0.0350	0.0269
BCL2L11	605.3316	1.1644	1.1644	0.0397	0.0311
BCL2L2	660.7348	1.2493	1.2493	0.0284	0.0245
BCL6	585.7290	1.1127	1.1127	0.0406	0.0306
BCOR	526.0749	1.0283	1.0283	0.0421	0.0330
BCORL1	674.2037	1.2567	1.2567	0.0366	0.0261
BCR.intron.13	564.2440	1.1105	1.1105	0.0566	0.0416
BCR.intron.14	608.1317	1.1881	1.1881	0.0489	0.0361
BCR.intron.8	605.6840	1.1936	1.1936	0.0525	0.0395
BIRC3	529.5242	1.0044	1.0044	0.0366	0.0292
BLM	564.5748	1.0983	1.0983	0.0415	0.0311
BMPR1A	542.2454	1.0509	1.0509	0.0456	0.0359
BRAF	653.5357	1.2144	1.2144	0.0416	0.0309
BRAF,BRAF.intron.10	645.5921	1.2522	1.2522	0.0550	0.0390
BRAF,BRAF.intron.10,BRAF.intron.9	649.5548	1.2482	1.2482	0.0343	0.0246
BRAF,BRAF.intron.7	694.8992	1.2616	1.2616	0.0321	0.0286
BRAF,BRAF.intron.7,BRAF.intron.8	680.0396	1.2822	1.2822	0.0362	0.0217
BRAF,BRAF.intron.8,BRAF.intron.9	629.0436	1.2344	1.2344	0.0574	0.0462
BRAF.intron.7	703.4202	1.3032	1.3032	0.0501	0.0353
BRAF.intron.8	635.8201	1.2494	1.2494	0.0286	0.0242
BRAF.intron.9	684.8752	1.2835	1.2835	0.0363	0.0224
BRCA1	639.8006	1.1767	1.1767	0.0239	0.0188
BRCA1,BRCA1.intron.12	715.1497	1.3255	1.3255	0.0413	0.0345
BRCA1,BRCA1.intron.16	654.8038	1.2495	1.2495	0.0331	0.0264
BRCA1,BRCA1.intron.19	755.2472	1.3881	1.3881	0.0318	0.0244
BRCA1,BRCA1.intron.19,BRCA1.intron.20	690.1753	1.2747	1.2747	0.0245	0.0203
BRCA1,BRCA1.intron.2	687.9571	1.2888	1.2888	0.0410	0.0309
BRCA1,BRCA1.intron.20	700.8052	1.2939	1.2939	0.0296	0.0224
BRCA1,BRCA1.intron.7	652.8858	1.2588	1.2588	0.0340	0.0269
BRCA1,BRCA1.intron.7,BRCA1.intron.8	677.9779	1.2712	1.2712	0.0237	0.0187
BRCA1,BRCA1.intron.8	574.9641	1.1374	1.1374	0.0485	0.0317
BRCA1.intron.12	558.4587	1.1057	1.1057	0.0590	0.0425
BRCA1.intron.16	646.1518	1.2190	1.2190	0.0480	0.0412
BRCA1.intron.19	690.2716	1.2830	1.2830	0.0337	0.0257
BRCA1.intron.2	670.0962	1.2706	1.2706	0.0516	0.0422
BRCA1.intron.7	585.7400	1.1358	1.1358	0.0652	0.0517
BRCA2	647.7980	1.2110	1.2110	0.0459	0.0355
BRCA2,BRCA2.intron.2	818.9126	1.5048	1.5048	0.0922	0.0839
BRCA2.intron.2	820.5437	1.4942	1.4942	0.0716	0.0448
BRD4	488.2351	0.9491	0.9491	0.0519	0.0401
BRIP1	545.3895	1.0503	1.0503	0.0495	0.0382
BTG1	598.9515	1.1723	1.1723	0.0459	0.0323
BTG2	484.5692	0.9665	0.9665	0.0413	0.0294
BTK	493.9805	0.9733	0.9733	0.0378	0.0287
C11orf30	579.8037	1.1267	1.1267	0.0423	0.0317
CALR	487.1155	0.9631	0.9631	0.0480	0.0387
CARD11	401.7232	0.7936	0.7936	0.0463	0.0361
CARM1	394.2564	0.7762	0.7762	0.0535	0.0404
CASP8	543.2917	1.0726	1.0726	0.0462	0.0371
CBFB	306.0890	0.5948	0.5948	0.0402	0.0307
CBL	588.8021	1.1387	1.1387	0.0409	0.0316
CCND1	511.8394	1.0034	1.0034	0.0586	0.0442
CCND2	510.2562	1.0100	1.0100	0.0395	0.0313
CCND3	597.6508	1.1602	1.1602	0.0345	0.0266
CCNE1	521.5531	1.0246	1.0246	0.0472	0.0344
CD22	484.8580	0.9578	0.9578	0.0453	0.0335
CD274	494.9320	0.9703	0.9703	0.0372	0.0307
CD276	529.0218	1.0330	1.0330	0.0485	0.0371
CD70	446.1255	0.8689	0.8689	0.0398	0.0308
CD74.intron.6	534.8465	1.0473	1.0473	0.0360	0.0274
CD74.intron.7,CD74.intron.8	562.6967	1.1142	1.1142	0.0417	0.0347
CD79A	390.3485	0.7674	0.7674	0.0500	0.0384
CD79B	492.0144	0.9593	0.9593	0.0549	0.0407
CDC42	640.4025	1.2047	1.2047	0.0367	0.0287
CDC73	383.0653	0.7493	0.7493	0.0487	0.0386
CDH1	520.6428	1.0265	1.0265	0.0365	0.0280
CDK12	608.9736	1.1696	1.1696	0.0357	0.0290
CDK4	517.6067	1.0098	1.0098	0.0418	0.0331
CDK6	563.4491	1.1140	1.1140	0.0485	0.0368
CDK8	456.3919	0.9034	0.9034	0.0507	0.0407
CDKN1A	488.4200	0.9649	0.9649	0.0469	0.0353
CDKN1B	632.8930	1.2465	1.2465	0.0382	0.0306
CDKN2A	555.5745	1.0858	1.0858	0.0424	0.0330
CDKN2B	670.2287	1.2743	1.2743	0.0442	0.0309
CDKN2C	610.8563	1.1780	1.1780	0.0363	0.0283
CEBPA	418.5088	0.8231	0.8231	0.0711	0.0538
CENPA	500.7197	0.9758	0.9758	0.0422	0.0335
CHD2	495.2506	0.9700	0.9700	0.0472	0.0359
CHD4	499.9392	0.9915	0.9915	0.0385	0.0294
CHEK1	456.1700	0.9043	0.9043	0.0518	0.0402
CHEK2	504.7786	0.9872	0.9872	0.0340	0.0273
CIC	549.6066	1.0592	1.0592	0.0543	0.0432
CREBBP	495.8436	0.9763	0.9763	0.0429	0.0316
CRKL	618.4101	1.2103	1.2103	0.0388	0.0314
CRLF2	0.0000	0.0047	0.0000	0.0013	0.0000
CSDE1	508.3715	0.9988	0.9988	0.0483	0.0373
CSF1R	498.6266	0.9838	0.9838	0.0428	0.0321
CSF3R	531.8776	1.0422	1.0422	0.0397	0.0303
CTCF	486.1382	0.9703	0.9703	0.0395	0.0300
CTLA4	496.8742	0.9868	0.9868	0.0415	0.0328
CTNNA1	555.1243	1.0802	1.0802	0.0388	0.0293
CTNNB1	585.8548	1.1379	1.1379	0.0472	0.0335
CUL3	410.8393	0.8094	0.8094	0.0458	0.0349
CUL4A	369.9603	0.7297	0.7297	0.0369	0.0290
CXCR4	630.0040	1.2171	1.2171	0.0340	0.0250
CYLD	478.6754	0.9385	0.9385	0.0450	0.0340
CYP17A1	469.1265	0.9287	0.9287	0.0426	0.0330
CYSLTR2	665.4967	1.2672	1.2672	0.0302	0.0278
D17S261	940.6697	1.7135	1.7135	0.0923	0.0607
D17S520	862.8971	1.6211	1.6211	0.0585	0.0437
D18S34	901.8057	1.6674	1.6674	0.1532	0.1055
D2S123	776.0730	1.4324	1.4324	0.1052	0.0860
D5S346	805.4286	1.4842	1.4842	0.0822	0.0642
DAXX	1.1732	0.0066	0.0021	0.0013	0.0011
DCUN1D1	404.3043	0.8001	0.8001	0.0479	0.0368
DDR1	0.0000	0.0047	0.0000	0.0013	0.0000
DDR2	541.0960	1.0639	1.0639	0.0441	0.0331
DICER1	502.4660	0.9872	0.9872	0.0417	0.0317
DIS3	491.1218	0.9646	0.9646	0.0551	0.0438
DNAJB1	539.2482	1.0751	1.0751	0.0377	0.0292
DNMT1	499.3087	0.9817	0.9817	0.0512	0.0387
DNMT3A	494.3992	0.9631	0.9631	0.0430	0.0335
DNMT3B	485.3570	0.9567	0.9567	0.0417	0.0325
DOT1L	551.1654	1.0440	1.0440	0.0501	0.0342
DRB3/4	18.9872	0.0378	0.0343	0.0541	0.0343
DROSHA	455.8688	0.9036	0.9036	0.0475	0.0363
DUSP4	640.2542	1.2233	1.2233	0.0428	0.0332
E2F3	474.2228	0.9371	0.9371	0.0419	0.0353
EED	425.5382	0.8375	0.8375	0.0489	0.0384
EGFL7	317.8168	0.6017	0.6017	0.0507	0.0355
EGFR	539.4025	1.0580	1.0580	0.0422	0.0308
EGFR,EGFR.intron.15	694.9071	1.3167	1.3167	0.0668	0.0564
EGFR,EGFR.intron.24,EGFR.intron.25,EGFR.intron.26,EGFR.intron.27	691.2137	1.2812	1.2812	0.0293	0.0240
EGFR,EGFR.intron.7	634.3526	1.2514	1.2514	0.0335	0.0243
EIF1AX	390.9826	0.7782	0.7782	0.0519	0.0417
EIF4A2	474.8239	0.9402	0.9402	0.0423	0.0308
EIF4E	363.7652	0.7063	0.7063	0.0468	0.0364
ELF3	458.8947	0.9103	0.9103	0.0437	0.0331
EP300	637.8611	1.2128	1.2128	0.0409	0.0326
EPAS1	567.7767	1.0996	1.0996	0.0417	0.0333
EPCAM	429.1380	0.8492	0.8492	0.0450	0.0312
EPHA3	619.2446	1.1748	1.1748	0.0513	0.0417
EPHA5	608.6045	1.1717	1.1717	0.0517	0.0404
EPHA7	487.1179	0.9478	0.9478	0.0451	0.0358
EPHB1	454.7515	0.9005	0.9005	0.0359	0.0288
EPHB4	437.8793	0.8624	0.8624	0.0532	0.0390
ERBB2	495.6064	0.9727	0.9727	0.0594	0.0472
ERBB3	500.2717	0.9888	0.9888	0.0386	0.0300
ERBB4	474.9089	0.9233	0.9233	0.0457	0.0357
ERCC1	470.9528	0.9271	0.9271	0.0413	0.0280
ERCC2	478.9507	0.9421	0.9421	0.0559	0.0438
ERCC3	599.1379	1.1588	1.1588	0.0394	0.0315
ERCC4	640.0184	1.2077	1.2077	0.0491	0.0402
ERCC5	636.5248	1.2000	1.2000	0.0508	0.0424
ERF	458.4908	0.9009	0.9009	0.0609	0.0461
ERG	719.1064	1.3127	1.3127	0.0264	0.0212
ERRFI1	594.4710	1.1774	1.1774	0.0289	0.0211
ESR1	589.3406	1.1626	1.1626	0.0446	0.0336
ETV1	461.3011	0.8967	0.8967	0.0455	0.0366
ETV4.intron.5	593.8187	1.1379	1.1379	0.0361	0.0276
ETV4.intron.6	771.9464	1.4049	1.4049	0.0522	0.0411
ETV5.intron.6	561.4131	1.1117	1.1117	0.0324	0.0259
ETV5.intron.7	628.5187	1.2182	1.2182	0.0368	0.0306
ETV6	552.0721	1.0784	1.0784	0.0405	0.0296
ETV6,ETV6.intron.5	786.8095	1.4505	1.4505	0.0306	0.0241
ETV6,ETV6.intron.5,ETV6.intron.6	993.8933	1.8178	1.8178	0.0368	0.0253
ETV6.intron.5	814.9212	1.5116	1.5116	0.0543	0.0473
EWSR1.intron.10,EWSR1.intron.8,EWSR1.intron.9	675.2644	1.2665	1.2665	0.0229	0.0154
EWSR1.intron.11	640.6672	1.2313	1.2313	0.0283	0.0209
EWSR1.intron.12	671.7018	1.2641	1.2641	0.0317	0.0234
EWSR1.intron.13	583.1573	1.1198	1.1198	0.0337	0.0289
EWSR1.intron.6	692.1931	1.3141	1.3141	0.0498	0.0393
EWSR1.intron.7	700.6554	1.3061	1.3061	0.0290	0.0207
EZH1	357.2551	0.7044	0.7044	0.0355	0.0278
EZH2	490.9198	0.9706	0.9706	0.0472	0.0378
EZR	614.3392	1.2159	1.2159	0.0516	0.0433
EZR.intron.10	592.0540	1.1830	1.1830	0.0253	0.0200
EZR.intron.11,EZR.intron.12	620.2494	1.2215	1.2215	0.0343	0.0212
FAM175A	472.3776	0.9287	0.9287	0.0441	0.0366
FAM46C	642.8759	1.2665	1.2665	0.0250	0.0216
FAM58A	378.3017	0.7361	0.7361	0.0392	0.0283
FANCA	481.4613	0.9344	0.9344	0.0459	0.0349
FANCC	538.5488	1.0607	1.0607	0.0411	0.0328
FANCD2	517.8210	1.0048	1.0048	0.0512	0.0399
FANCE	552.6408	1.0872	1.0872	0.0461	0.0360
FANCF	780.8636	1.4360	1.4360	0.0581	0.0495
FANCG	578.3499	1.1327	1.1327	0.0350	0.0271
FANCL	452.7343	0.8910	0.8910	0.0596	0.0480
FAS	477.0763	0.9334	0.9334	0.0437	0.0343
FAT1	561.1488	1.1056	1.1056	0.0288	0.0224
FBXW7	595.1481	1.1272	1.1272	0.0472	0.0355
FGF10	583.0980	1.1172	1.1172	0.0494	0.0396
FGF12	552.6600	1.0804	1.0804	0.0442	0.0363
FGF14	417.7565	0.8185	0.8185	0.0410	0.0307
FGF19	442.3766	0.8676	0.8676	0.0498	0.0412
FGF23	564.8341	1.1116	1.1116	0.0360	0.0294
FGF3	332.9833	0.6474	0.6474	0.0684	0.0533
FGF4	352.8572	0.6887	0.6887	0.0621	0.0451
FGF6	478.8457	0.9562	0.9562	0.0465	0.0324
FGFR1	502.9460	0.9932	0.9932	0.0405	0.0320
FGFR1,FGFR1.intron.1	724.9819	1.3334	1.3334	0.0287	0.0247
FGFR1,FGFR1.intron.17	710.5197	1.3116	1.3116	0.0331	0.0181
FGFR1,FGFR1.intron.5	704.3568	1.3061	1.3061	0.0364	0.0280
FGFR1.intron.1	677.1117	1.2697	1.2697	0.0290	0.0214
FGFR1.intron.5	678.3829	1.2893	1.2893	0.0410	0.0290
FGFR2	476.1017	0.9449	0.9449	0.0350	0.0268
FGFR2,FGFR2.intron.17	650.6532	1.2558	1.2558	0.0281	0.0209
FGFR2.intron.1	692.6222	1.2885	1.2885	0.0271	0.0179
FGFR3	518.0408	1.0019	1.0019	0.0676	0.0504
FGFR3,FGFR3.intron.17	568.7889	1.0957	1.0957	0.0598	0.0551
FGFR4	505.5528	0.9816	0.9816	0.0521	0.0406
FH	474.0691	0.9290	0.9290	0.0532	0.0416
FLCN	518.3124	1.0240	1.0240	0.0428	0.0342
FLI1.intron.3	749.0781	1.3805	1.3805	0.0212	0.0168
FLI1.intron.4	734.0948	1.3522	1.3522	0.0196	0.0149
FLI1.intron.4,FLI1.intron.5	742.3516	1.3603	1.3603	0.0297	0.0232
FLI1.intron.5	691.9704	1.2771	1.2771	0.0246	0.0195
FLI1.intron.5,FLI1.intron.6,FLI1.intron.7,FLI1.intron.8	788.0380	1.3886	1.3886	0.0093	0.0068
FLT1	648.3136	1.2164	1.2164	0.0351	0.0278
FLT3	523.5541	1.0198	1.0198	0.0416	0.0322
FLT4	486.7148	0.9502	0.9502	0.0625	0.0465
FOXA1	619.9531	1.1681	1.1681	0.0265	0.0194
FOXL2	500.0554	0.9925	0.9925	0.0629	0.0386
FOXO1	600.2435	1.1835	1.1835	0.0392	0.0329
FOXP1	458.0426	0.8968	0.8968	0.0412	0.0320
FRS2	564.8914	1.1055	1.1055	0.0366	0.0279
FUBP1	484.1559	0.9516	0.9516	0.0519	0.0401
FYN	547.5491	1.0838	1.0838	0.0404	0.0300
GABRA6	525.2748	1.0228	1.0228	0.0426	0.0313
GATA1	477.0862	0.9450	0.9450	0.0471	0.0364
GATA2	457.3876	0.8956	0.8956	0.0566	0.0429
GATA3	495.9444	0.9674	0.9674	0.0429	0.0339
GATA4	503.3323	0.9950	0.9950	0.0532	0.0402
GATA6	513.9275	1.0023	1.0023	0.0486	0.0382
GID4	403.3023	0.8045	0.8045	0.0378	0.0296
GLI1	499.8446	0.9913	0.9913	0.0473	0.0360
GNA11	394.2083	0.7678	0.7678	0.0631	0.0458
GNA13	518.8909	1.0165	1.0165	0.0382	0.0318
GNAQ	497.7940	0.9796	0.9796	0.0435	0.0340
GNAS	606.9340	1.1374	1.1374	0.0351	0.0278
GPR124	454.5810	0.8891	0.8891	0.0481	0.0365
GPS2	423.3050	0.8346	0.8346	0.0461	0.0347
GREM1	386.7193	0.7709	0.7709	0.0315	0.0234
GRIN2A	568.6285	1.0923	1.0923	0.0348	0.0260
GRM3	613.6981	1.1920	1.1920	0.0375	0.0286
GSK3B	450.2101	0.8906	0.8906	0.0539	0.0408
H3F3A	469.9587	0.9314	0.9314	0.0534	0.0459
H3F3B	539.4489	1.0649	1.0649	0.0380	0.0302
H3F3C	559.9960	1.1206	1.1206	0.0284	0.0221
HDAC1	505.2704	0.9912	0.9912	0.0519	0.0409
HGF	534.4063	1.0438	1.0438	0.0511	0.0396
HIST1H1C	579.7679	1.1542	1.1542	0.0457	0.0346
HIST1H2BD	449.2226	0.8978	0.8978	0.0243	0.0172
HIST1H3A	498.7704	0.9878	0.9878	0.0307	0.0257
HIST1H3B	552.3932	1.1024	1.1024	0.0559	0.0469
HIST1H3C	496.3531	0.9875	0.9875	0.0808	0.0749
HIST1H3D	497.7389	0.9889	0.9889	0.0889	0.0798
HIST1H3E	572.3359	1.1337	1.1337	0.0387	0.0313
HIST1H3F	490.1356	0.9688	0.9688	0.0697	0.0652
HIST1H3G	500.2344	1.0047	1.0047	0.0335	0.0227
HIST1H3H	461.8433	0.9144	0.9144	0.0577	0.0444
HIST1H3I	531.6704	1.0562	1.0562	0.0739	0.0644
HIST1H3J	557.7682	1.1029	1.1029	0.0416	0.0369
HIST2H3C	0.0000	0.0047	0.0000	0.0013	0.0000
HIST2H3D	571.3038	1.1205	1.1205	0.0458	0.0343
HIST3H3	494.5731	0.9831	0.9831	0.0480	0.0369
HLA-A	47.3488	0.0932	0.0915	0.0741	0.0634
HLA-B	57.9097	0.1065	0.1055	0.1490	0.1026
HLA-C	39.7710	0.0793	0.0774	0.0973	0.0764
HLA-DMA	3.4480	0.0106	0.0064	0.0072	0.0064
HLA-DMB	0.0000	0.0047	0.0000	0.0013	0.0000
HLA-DOA	0.0000	0.0047	0.0000	0.0013	0.0000
HLA-DOB	0.0000	0.0047	0.0000	0.0013	0.0000
HLA-DPA1	0.0000	0.0047	0.0000	0.0013	0.0000
HLA-DPB1	0.0000	0.0047	0.0000	0.0013	0.0000
HLA-DQA1	255.5468	0.5075	0.5075	0.4524	0.5048
HLA-DQA2	0.0000	0.0047	0.0000	0.0013	0.0000
HLA-DQB1	159.1449	0.3101	0.3101	0.3121	0.3100
HLA-DQB2	0.0000	0.0047	0.0000	0.0013	0.0000
HLA-DRA	0.0000	0.0047	0.0000	0.0013	0.0000
HLA-DRB1	158.5205	0.3102	0.3102	0.3713	0.3102
HLA-DRB5	186.2328	0.3597	0.3597	0.3309	0.2505
HNF1A	468.4484	0.9277	0.9277	0.0537	0.0422
HOXB13	476.5398	0.9386	0.9386	0.0483	0.0390
HRAS	402.8174	0.7954	0.7954	0.0639	0.0453
HSD3B1	549.9995	1.0773	1.0773	0.0288	0.0210
HSP90AA1	493.8447	0.9798	0.9798	0.0392	0.0305
ICOSLG	502.1839	0.9786	0.9786	0.0664	0.0476
ID3	451.3924	0.8920	0.8920	0.0541	0.0384
IDH1	542.1307	1.0548	1.0548	0.0439	0.0344
IDH2	501.3739	0.9940	0.9940	0.0464	0.0367
IFNGR1	592.9185	1.1308	1.1308	0.0506	0.0425
IGF1	569.6947	1.1307	1.1307	0.0554	0.0402
IGF1R	556.4065	1.1002	1.1002	0.0394	0.0309
IGF2	285.6369	0.5448	0.5448	0.0444	0.0329
IKBKE	523.0213	1.0260	1.0260	0.0438	0.0356
IKZF1	526.8651	1.0346	1.0346	0.0285	0.0225
IL10	476.9077	0.9452	0.9452	0.0374	0.0299
IL7R	493.6289	0.9761	0.9761	0.0410	0.0330
INHA	434.7264	0.8573	0.8573	0.0561	0.0425
INHBA	462.8996	0.9103	0.9103	0.0358	0.0295
INPP4A	358.0068	0.7089	0.7089	0.0373	0.0296
INPP4B	514.2013	0.9924	0.9924	0.0546	0.0422
INPPL1	358.4305	0.7032	0.7032	0.0462	0.0348
INSR	540.4242	1.0651	1.0651	0.0420	0.0324
IRF2	483.7933	0.9577	0.9577	0.0360	0.0282
IRF4	517.7524	1.0280	1.0280	0.0466	0.0366
IRS1	698.7756	1.2935	1.2935	0.0365	0.0269
IRS2	757.6323	1.4019	1.4019	0.0689	0.0486
JAK1	581.1924	1.1303	1.1303	0.0431	0.0339
JAK2	589.6146	1.1426	1.1426	0.0619	0.0475
JAK3	579.8743	1.1147	1.1147	0.0485	0.0384
JUN	619.7821	1.2223	1.2223	0.0354	0.0266
KAT6A	452.4269	0.8945	0.8945	0.0337	0.0267
KDM5A	544.2239	1.0577	1.0577	0.0458	0.0351
KDM5C	432.7184	0.8576	0.8576	0.0386	0.0293
KDM6A	525.0390	1.0116	1.0116	0.0473	0.0352
KDR	585.3520	1.1428	1.1428	0.0464	0.0360
KEAP1	475.4946	0.9402	0.9402	0.0461	0.0341
KEL	479.5473	0.9485	0.9485	0.0338	0.0261
KIT	556.8268	1.0814	1.0814	0.0440	0.0349
KLF4	627.6109	1.2088	1.2088	0.0419	0.0332
KLHL6	562.8801	1.1042	1.1042	0.0346	0.0265
KMT2A	647.7783	1.2160	1.2160	0.0367	0.0281
KMT2A,KMT2A.intron.10,KMT2A.intron.11	623.4261	1.2334	1.2334	0.0452	0.0338
KMT2A,KMT2A.intron.10,KMT2A.intron.8,KMT2A.intron.9	861.9195	1.5625	1.5625	0.0453	0.0349
KMT2A,KMT2A.intron.11	772.5616	1.4069	1.4069	0.0503	0.0449
KMT2A,KMT2A.intron.6	687.1149	1.2829	1.2829	0.0349	0.0257
KMT2A,KMT2A.intron.6,KMT2A.intron.7,KMT2A.intron.8	876.8583	1.6081	1.6081	0.0671	0.0542
KMT2A.intron.10	759.8620	1.3918	1.3918	0.0608	0.0458
KMT2A.intron.6	604.9032	1.2004	1.2004	0.0699	0.0562
KMT2A.intron.8	679.3085	1.2670	1.2670	0.0871	0.0603
KMT2B	474.2253	0.9275	0.9275	0.0589	0.0467
KMT2C	625.1059	1.1787	1.1787	0.0496	0.0389
KMT2D	482.6398	0.9478	0.9478	0.0496	0.0381
KNSTRN	360.9086	0.7086	0.7086	0.0329	0.0266
KRAS	489.2390	0.9655	0.9655	0.0496	0.0378
LATS1	557.1583	1.0917	1.0917	0.0344	0.0270
LATS2	557.2164	1.1020	1.1020	0.0316	0.0259
LMO1	409.4793	0.8042	0.8042	0.0455	0.0358
LRP1B	515.3029	1.0091	1.0091	0.0522	0.0392
LTK	443.2741	0.8706	0.8706	0.0581	0.0445
LYN	469.7405	0.9306	0.9306	0.0393	0.0304
LZTR1	397.6702	0.7775	0.7775	0.0541	0.0420
MAF	626.1846	1.2007	1.2007	0.0361	0.0283
MAGI2	505.5669	0.9811	0.9811	0.0441	0.0326
MALT1	458.9104	0.9076	0.9076	0.0484	0.0364
MAP2K1	465.9065	0.9244	0.9244	0.0424	0.0310
MAP2K2	479.6702	0.9296	0.9296	0.0538	0.0386
MAP2K4	445.2664	0.8808	0.8808	0.0547	0.0435
MAP3K1	525.6073	1.0228	1.0228	0.0462	0.0364
MAP3K13	459.3902	0.9080	0.9080	0.0393	0.0290
MAP3K14	378.4665	0.7393	0.7393	0.0437	0.0331
MAPK1	440.8667	0.8703	0.8703	0.0407	0.0313
MAPK3	441.5258	0.8662	0.8662	0.0471	0.0363
MAPKAP1	444.6209	0.8785	0.8785	0.0355	0.0260
MAX	468.8716	0.9232	0.9232	0.0275	0.0212
MCL1	638.0556	1.2331	1.2331	0.0314	0.0235
MDC1	0.0000	0.0047	0.0000	0.0013	0.0000
MDM2	501.7207	0.9595	0.9595	0.0414	0.0306
MDM4	469.1066	0.9189	0.9189	0.0371	0.0292
MED12	471.0883	0.9305	0.9305	0.0427	0.0334
MEF2B	419.5104	0.8289	0.8289	0.0580	0.0445
MEN1	482.3534	0.9445	0.9445	0.0537	0.0395
MERTK	459.5574	0.9108	0.9108	0.0354	0.0272
MET	524.8734	1.0302	1.0302	0.0461	0.0359
MET,MET.intron.1	572.8647	1.1280	1.1280	0.0367	0.0280
MET,MET.intron.14	510.8294	1.0000	1.0000	0.0351	0.0258
MET.intron.1	511.6377	1.0056	1.0056	0.0299	0.0233
MGA	576.4293	1.1089	1.1089	0.0322	0.0252
MITF	580.2123	1.1241	1.1241	0.0490	0.0373
MKNK1	454.5225	0.8960	0.8960	0.0454	0.0338
MLH1	544.0466	1.0683	1.0683	0.0479	0.0377
MONO-27	550.4023	1.1063	1.1063	0.1308	0.1138
MPL	478.4574	0.9461	0.9461	0.0464	0.0357
MRE11A	466.4587	0.9187	0.9187	0.0510	0.0405
MSH2	572.6488	1.1242	1.1242	0.0527	0.0412
MSH2,MSH2.intron.5	682.8487	1.2820	1.2820	0.0315	0.0241
MSH2.intron.5	702.4131	1.2991	1.2991	0.0342	0.0221
MSH3	450.2260	0.8891	0.8891	0.0518	0.0408
MSH6	566.5102	1.0927	1.0927	0.0383	0.0320
MSI1	307.6696	0.5932	0.5932	0.0397	0.0304
MSI2	440.4682	0.8699	0.8699	0.0376	0.0270
MST1	473.2584	0.9287	0.9287	0.0589	0.0445
MST1R	524.0427	1.0234	1.0234	0.0539	0.0414
MTAP	574.2677	1.0974	1.0974	0.0433	0.0345
MTOR	499.9768	0.9843	0.9843	0.0363	0.0278
MUTYH	599.8399	1.1578	1.1578	0.0501	0.0395
MYB.intron.14	627.5688	1.2257	1.2257	0.0496	0.0396
MYC	737.3747	1.3470	1.3470	0.0404	0.0312
MYC,MYC.intron.1	706.2335	1.3098	1.3098	0.0387	0.0326
MYCL	627.5700	1.2171	1.2171	0.0373	0.0293
MYCN	637.0618	1.2086	1.2086	0.0476	0.0347
MYD88	606.6261	1.1679	1.1679	0.0415	0.0316
MYOD1	508.8768	0.9946	0.9946	0.0481	0.0415
NBN	530.2287	1.0237	1.0237	0.0547	0.0452
NCOA3	596.2394	1.1532	1.1532	0.0393	0.0317
NCOR1	578.4914	1.1173	1.1173	0.0499	0.0390
NEGR1	548.3822	1.0772	1.0772	0.0515	0.0428
NF1	567.0674	1.1084	1.1084	0.0572	0.0437
NF2	527.4519	1.0275	1.0275	0.0404	0.0322
NFE2L2	621.5078	1.1949	1.1949	0.0416	0.0358
NFKBIA	476.2958	0.9478	0.9478	0.0415	0.0342
NKX2-1	581.7101	1.1324	1.1324	0.0584	0.0468
NKX3-1	589.6085	1.1469	1.1469	0.0404	0.0298
NOTCH1	566.3461	1.0708	1.0708	0.0596	0.0458
NOTCH2	729.3340	1.3765	1.3765	0.0720	0.0597
NOTCH2,NOTCH2.intron.26	867.5855	1.5612	1.5612	0.0368	0.0340
NOTCH3	547.7405	1.0598	1.0598	0.0570	0.0435
NOTCH4	0.0000	0.0047	0.0000	0.0013	0.0000
NPM1	457.2603	0.9057	0.9057	0.0432	0.0347
NR-21	1026.8675	1.8926	1.8926	0.1880	0.1505
NR-22	960.9364	1.7749	1.7749	0.1839	0.1513
NR-24	981.9387	1.8137	1.8137	0.1853	0.1533
NR-27	1168.8380	2.2107	2.2107	0.1245	0.1023
NRAS	499.7519	0.9883	0.9883	0.0518	0.0399
NRG1	639.9862	1.2116	1.2116	0.0456	0.0358
NSD1	601.9492	1.1428	1.1428	0.0317	0.0246
NT5C2	456.1926	0.8969	0.8969	0.0440	0.0344
NTHL1	380.6096	0.7484	0.7484	0.0744	0.0638
NTHL1,TSC2	741.0131	1.3475	1.3475	0.0752	0.0660
NTRK1	482.8054	0.9477	0.9477	0.0614	0.0480
NTRK1,NTRK1.intron.10,NTRK1.intron.8,NTRK1.intron.9	766.3351	1.3976	1.3976	0.0544	0.0389
NTRK1,NTRK1.intron.8	589.3856	1.1592	1.1592	0.0567	0.0547
NTRK2	678.7142	1.2726	1.2726	0.0327	0.0246
NTRK2,NTRK2.intron.12	730.4828	1.3541	1.3541	0.0400	0.0311
NTRK2,NTRK2.intron.15	777.8962	1.4165	1.4165	0.0299	0.0230
NTRK2.intron.15	398.2274	0.7935	0.7935	0.0404	0.0326
NTRK3	466.7768	0.9235	0.9235	0.0379	0.0301
NTRK3,NTRK3.intron.13	734.6200	1.3500	1.3500	0.0165	0.0109
NTRK3,NTRK3.intron.13,NTRK3.intron.14	694.9859	1.2649	1.2649	0.0196	0.0168
NTRK3,NTRK3.intron.14	724.2810	1.3213	1.3213	0.0193	0.0146
NTRK3.intron.13	700.1904	1.2970	1.2970	0.0232	0.0189
NTRK3.intron.14	712.9795	1.3088	1.3088	0.0204	0.0145
NUF2	472.1321	0.9264	0.9264	0.0560	0.0425
NUP93	504.9108	0.9956	0.9956	0.0371	0.0284
NUTM1.intron.1	723.3499	1.3304	1.3304	0.0363	0.0308
P2RY8	0.0000	0.0047	0.0000	0.0013	0.0000
PAK1	526.4547	1.0336	1.0336	0.0458	0.0362
PAK3	468.7099	0.9274	0.9274	0.0432	0.0346
PAK7	523.0388	1.0403	1.0403	0.0350	0.0247
PALB2	639.4985	1.2057	1.2057	0.0398	0.0313
PARK2	442.4242	0.8747	0.8747	0.0419	0.0319
PARP1	502.7165	0.9903	0.9903	0.0335	0.0277
PARP2	555.3301	1.0820	1.0820	0.0395	0.0297
PARP3	484.0269	0.9519	0.9519	0.0475	0.0355
PAX5	397.3640	0.7822	0.7822	0.0359	0.0293
PBRM1	542.2696	1.0703	1.0703	0.0447	0.0341
PDCD1	552.7320	1.0550	1.0550	0.0492	0.0360
PDCD1LG2	545.9803	1.0747	1.0747	0.0397	0.0325
PDGFB.intron.1	689.6550	1.2605	1.2605	0.0296	0.0238
PDGFRA	575.8248	1.1114	1.1114	0.0425	0.0331
PDGFRA,PDGFRA.intron.11	718.3825	1.3073	1.3073	0.0321	0.0258
PDGFRA,PDGFRA.intron.7	716.4701	1.3070	1.3070	0.0409	0.0279
PDGFRA,PDGFRA.intron.9	723.7088	1.3244	1.3244	0.0367	0.0287
PDGFRB	487.8982	0.9607	0.9607	0.0521	0.0419
PDK1	422.8983	0.8337	0.8337	0.0536	0.0423
PDPK1	250.1252	0.4796	0.4782	0.0208	0.0166
PGR	666.5667	1.2616	1.2616	0.0571	0.0438
PHOX2B	493.8647	0.9794	0.9794	0.0556	0.0399
PIK3C2B	463.5432	0.9163	0.9163	0.0458	0.0359
PIK3C2G	516.8862	1.0095	1.0095	0.0550	0.0432
PIK3C3	444.6837	0.8771	0.8771	0.0541	0.0429
PIK3CA	554.7216	1.0761	1.0761	0.0571	0.0441
PIK3CB	596.6991	1.1554	1.1554	0.0572	0.0445
PIK3CD	437.7780	0.8569	0.8569	0.0541	0.0416
PIK3CG	573.1084	1.1260	1.1260	0.0312	0.0248
PIK3R1	533.4768	1.0487	1.0487	0.0547	0.0420
PIK3R2	437.0456	0.8536	0.8536	0.0566	0.0437
PIK3R3	514.1073	1.0104	1.0104	0.0403	0.0299
PIM1	598.0985	1.1604	1.1604	0.0451	0.0308
PLCG2	539.0173	1.0453	1.0453	0.0381	0.0294
PLK2	591.1217	1.1366	1.1366	0.0483	0.0388
PMAIP1	535.3966	1.0653	1.0653	0.0532	0.0411
PMS1	553.5032	1.0873	1.0873	0.0620	0.0512
PMS2	511.0814	0.9785	0.9785	0.0548	0.0452
PNRC1	596.9000	1.1755	1.1755	0.0417	0.0347
POLD1	500.1846	0.9707	0.9707	0.0566	0.0428
POLE	566.3629	1.1062	1.1062	0.0398	0.0304
PPARG	548.8784	1.0715	1.0715	0.0382	0.0315
PPM1D	422.6470	0.8350	0.8350	0.0395	0.0306
PPP2R1A	455.3841	0.8982	0.8982	0.0412	0.0320
PPP2R2A	514.5738	1.0056	1.0056	0.0546	0.0423
PPP4R2	449.2244	0.8885	0.8885	0.0513	0.0389
PPP6C	435.8655	0.8613	0.8613	0.0361	0.0263
PRDM1	644.9254	1.2150	1.2150	0.0315	0.0249
PRDM14	500.3686	0.9834	0.9834	0.0330	0.0264
PREX2	489.8096	0.9615	0.9615	0.0519	0.0397
PRKAR1A	542.1868	1.0702	1.0702	0.0421	0.0320
PRKCI	414.3171	0.8224	0.8224	0.0517	0.0418
PRKD1	503.7170	0.9963	0.9963	0.0504	0.0374
PRKDC	523.4988	1.0334	1.0334	0.0453	0.0351
PRSS8	543.9726	1.0685	1.0685	0.0435	0.0305
PTCH1	492.6624	0.9631	0.9631	0.0407	0.0321
PTEN	534.4424	1.0423	1.0423	0.0580	0.0468
PTP4A1	400.9206	0.7869	0.7869	0.0588	0.0462
PTPN11	365.6078	0.7192	0.7192	0.0364	0.0282
PTPRD	466.4517	0.9200	0.9200	0.0446	0.0357
PTPRO	454.6714	0.8895	0.8895	0.0412	0.0321
PTPRS	459.1585	0.8922	0.8922	0.0460	0.0355
PTPRT	459.3172	0.9063	0.9063	0.0368	0.0281
QKI	661.3129	1.2399	1.2399	0.0458	0.0338
RAB35	509.6484	1.0022	1.0022	0.0446	0.0359
RAC1	382.1185	0.7558	0.7558	0.0345	0.0250
RAC2	355.4861	0.6961	0.6961	0.0533	0.0392
RAD21	493.7085	0.9759	0.9759	0.0524	0.0405
RAD50	531.5908	1.0257	1.0257	0.0615	0.0489
RAD51	292.5978	0.5670	0.5670	0.0291	0.0234
RAD51B	403.8882	0.7996	0.7996	0.0363	0.0286
RAD51C	301.3156	0.5879	0.5879	0.0322	0.0251
RAD51D	270.3834	0.5291	0.5291	0.0256	0.0191
RAD52	341.2914	0.6634	0.6634	0.0305	0.0233
RAD54L	330.9557	0.6527	0.6527	0.0348	0.0277
RAF1	327.2122	0.6398	0.6398	0.0300	0.0234
RAF1,RAF1.intron.4,RAF1.intron.5	691.8398	1.2791	1.2791	0.0340	0.0259
RAF1,RAF1.intron.5,RAF1.intron.6	707.6311	1.3122	1.3122	0.0544	0.0419
RAF1,RAF1.intron.6,RAF1.intron.7	689.8964	1.2772	1.2772	0.0303	0.0264
RAF1,RAF1.intron.7,RAF1.intron.8,RAF1.intron.9	728.2015	1.3440	1.3440	0.0330	0.0299
RAF1.intron.5	626.3257	1.1686	1.1686	0.0362	0.0289
RAF1.intron.6	537.0461	1.0713	1.0713	0.0703	0.0564
RANBP2	584.2337	1.0869	1.0869	0.0394	0.0313
RARA	322.5110	0.6270	0.6270	0.0513	0.0389
RARA,RARA.intron.2	728.3801	1.3390	1.3390	0.0383	0.0306
RARA.intron.2	740.2447	1.3713	1.3713	0.0700	0.0549
RASA1	298.1979	0.5733	0.5733	0.0367	0.0286
RB1	287.9627	0.5551	0.5551	0.0474	0.0383
RBM10	435.8181	0.8535	0.8535	0.0479	0.0374
RECQL	481.3064	0.9515	0.9515	0.0655	0.0506
RECQL4	655.9731	1.2265	1.2265	0.0557	0.0408
REL	513.9946	1.0167	1.0167	0.0469	0.0364
RET	544.6039	1.0450	1.0450	0.0393	0.0294
RET,RET.intron.10,RET.intron.11,RET.intron.7,RET.intron.8,RET.intron.9	682.8705	1.2760	1.2760	0.0261	0.0195
RFWD2	458.3302	0.9021	0.9021	0.0522	0.0383
RHEB	361.6290	0.7162	0.7162	0.0465	0.0360
RHOA	509.2477	1.0074	1.0074	0.0426	0.0312
RICTOR	571.6916	1.0899	1.0899	0.0569	0.0465
RIT1	481.1697	0.9571	0.9571	0.0391	0.0313
RNF43	607.5936	1.1581	1.1581	0.0373	0.0290
ROS1	648.8832	1.2320	1.2320	0.0537	0.0430
ROS1,ROS1.intron.31	600.9054	1.1886	1.1886	0.0560	0.0522
ROS1,ROS1.intron.31,ROS1.intron.32,ROS1.intron.33,ROS1.intron.34,ROS1.intron.35	751.9416	1.3590	1.3590	0.0405	0.0303
ROS1.intron.31	487.2031	0.9573	0.9573	0.0756	0.0598
RPS6KA4	541.9272	1.0471	1.0471	0.0571	0.0450
RPS6KB2	469.3419	0.9101	0.9101	0.0536	0.0406
RPTOR	537.5194	1.0416	1.0416	0.0469	0.0360
RRAGC	439.6389	0.8705	0.8705	0.0456	0.0334
RRAS	347.1243	0.6835	0.6835	0.0582	0.0429
RRAS2	417.6445	0.8225	0.8225	0.0580	0.0461
RSPO2.exon2,RSPO2.intron.1,RSPO2.exon1,RSPO2.UTR	737.2132	1.3555	1.3555	0.0418	0.0338
RTEL1	503.8187	0.9738	0.9738	0.0567	0.0432
RUNX1	571.3541	1.0994	1.0994	0.0357	0.0261
RUNX1T1	600.1112	1.1531	1.1531	0.0415	0.0333
RXRA	474.7369	0.9237	0.9237	0.0749	0.0613
RYBP	545.9789	1.0877	1.0877	0.0363	0.0291
SDC4.intron.2	522.0321	1.0359	1.0359	0.0511	0.0396
SDHA	486.3019	0.9579	0.9579	0.0338	0.0257
SDHAF2	438.4795	0.8707	0.8707	0.0381	0.0285
SDHB	488.9439	0.9691	0.9691	0.0442	0.0331
SDHC	362.1653	0.7107	0.7107	0.0351	0.0290
SDHD	470.4350	0.9328	0.9328	0.0450	0.0368
SESN1	457.0923	0.9039	0.9039	0.0481	0.0355
SESN2	374.7699	0.7360	0.7360	0.0461	0.0327
SESN3	451.2629	0.8851	0.8851	0.0511	0.0399
SETD2	565.9945	1.1182	1.1182	0.0367	0.0291
SETD8	364.2972	0.7171	0.7171	0.0459	0.0342
SF3B1	414.1218	0.8190	0.8190	0.0421	0.0332
SGK1	538.8196	1.0541	1.0541	0.0506	0.0371
SH2B3	508.2543	0.9933	0.9933	0.0483	0.0376
SH2D1A	411.2120	0.8038	0.8038	0.0435	0.0320
SHOC2	552.1074	1.0560	1.0560	0.0518	0.0409
SHQ1	526.2541	1.0439	1.0439	0.0480	0.0373
SLC34A2.intron.4	608.0176	1.1909	1.1909	0.0368	0.0295
SLIT2	518.3605	1.0206	1.0206	0.0508	0.0397
SLX4	557.3243	1.0915	1.0915	0.0424	0.0324
SMAD2	479.1082	0.9442	0.9442	0.0484	0.0386
SMAD3	451.3692	0.8951	0.8951	0.0423	0.0329
SMAD4	580.1688	1.1338	1.1338	0.0537	0.0402
SMARCA4	462.2691	0.8999	0.8999	0.0449	0.0350
SMARCB1	378.7654	0.7435	0.7435	0.0429	0.0344
SMARCD1	408.6225	0.8043	0.8043	0.0416	0.0324
SMO	531.4283	1.0390	1.0390	0.0388	0.0297
SMYD3	399.0499	0.7934	0.7934	0.0446	0.0365
SNCAIP	638.4397	1.2018	1.2018	0.0415	0.0312
SOCS1	513.8707	1.0168	1.0168	0.0606	0.0490
SOS1	537.9993	1.0404	1.0404	0.0603	0.0461
SOX10	554.3500	1.0608	1.0608	0.0487	0.0397
SOX17	598.1930	1.1756	1.1756	0.0488	0.0371
SOX2	560.9919	1.1168	1.1168	0.0470	0.0365
SOX9	583.5345	1.1428	1.1428	0.0414	0.0317
SPEN	533.4689	1.0359	1.0359	0.0257	0.0192
SPOP	556.1584	1.0882	1.0882	0.0411	0.0335
SPRED1	489.4381	0.9630	0.9630	0.0488	0.0376
SPTA1	510.8025	1.0048	1.0048	0.0449	0.0352
SRC	383.4539	0.7476	0.7476	0.0488	0.0368
SRSF2	501.3204	1.0002	1.0002	0.0462	0.0368
STAG2	453.8007	0.8958	0.8958	0.0502	0.0395
STAT3	461.3921	0.9107	0.9107	0.0449	0.0333
STAT4	494.9628	0.9608	0.9608	0.0522	0.0402
STAT5A	498.1542	0.9637	0.9637	0.0503	0.0389
STAT5B	520.0195	1.0082	1.0082	0.0421	0.0333
STK11	390.4247	0.7562	0.7562	0.0613	0.0506
STK19	0.0000	0.0047	0.0000	0.0013	0.0000
STK40	436.3055	0.8536	0.8536	0.0475	0.0391
SUFU	435.9818	0.8646	0.8646	0.0428	0.0328
SUZ12	457.1247	0.9039	0.9039	0.0469	0.0367
SYK	401.5034	0.7910	0.7910	0.0371	0.0273
TAF1	501.6208	0.9924	0.9924	0.0394	0.0307
TAP1	0.0000	0.0047	0.0000	0.0013	0.0000
TAP2	0.0000	0.0047	0.0000	0.0013	0.0000
TBX3	514.0429	1.0112	1.0112	0.0471	0.0356
TCEB1	425.2063	0.8420	0.8420	0.0435	0.0333
TCF3	393.7849	0.7616	0.7616	0.0664	0.0538
TCF7L2	429.4929	0.8468	0.8468	0.0401	0.0304
TEK	470.1009	0.9291	0.9291	0.0419	0.0325
TERC	507.3715	1.0114	1.0114	0.0540	0.0352
TERT	558.0188	1.0576	1.0576	0.0469	0.0371
TET1	574.7536	1.1089	1.1089	0.0300	0.0236
TET2	743.8842	1.3602	1.3602	0.0334	0.0261
TGFBR1	564.4459	1.1054	1.1054	0.0501	0.0400
TGFBR2	569.6879	1.1047	1.1047	0.0366	0.0306
TIPARP	550.5506	1.0852	1.0852	0.0457	0.0375
TMEM127	530.1266	1.0462	1.0462	0.0453	0.0366
TMPRSS2	451.7101	0.8958	0.8958	0.0422	0.0312
TMPRSS2,TMPRSS2.intron.1	695.8571	1.2891	1.2891	0.0205	0.0131
TMPRSS2,TMPRSS2.intron.1,TMPRSS2.intron.2	654.5626	1.2554	1.2554	0.0277	0.0235
TMPRSS2,TMPRSS2.intron.2,TMPRSS2.intron.3	667.5408	1.2648	1.2648	0.0205	0.0162
TMPRSS2,TMPRSS2.intron.3	583.8427	1.1409	1.1409	0.0404	0.0287
TMPRSS2.intron.2	599.6261	1.1784	1.1784	0.0396	0.0313
TMPRSS2.intron.3	627.9750	1.2202	1.2202	0.0404	0.0339
TNFAIP3	693.4180	1.3168	1.3168	0.0375	0.0290
TNFRSF14	460.5625	0.8933	0.8933	0.0513	0.0397
TOP1	541.4220	1.0429	1.0429	0.0440	0.0348
TOP2A	488.0739	0.9573	0.9573	0.0408	0.0313
TP53	442.4064	0.8731	0.8731	0.0480	0.0374
TP53BP1	492.3311	0.9769	0.9769	0.0379	0.0277
TP63	539.2463	1.0425	1.0425	0.0397	0.0302
TRAF2	487.4549	0.9506	0.9506	0.0457	0.0354
TRAF7	377.1430	0.7322	0.7322	0.0856	0.0648
TSC1	531.4546	1.0470	1.0470	0.0389	0.0297
TSC2	439.0726	0.8504	0.8504	0.0622	0.0476
TSHR	575.2031	1.1209	1.1209	0.0345	0.0289
TYRO3	502.8194	0.9844	0.9844	0.0445	0.0357
U2AF1	430.1939	0.8406	0.8406	0.0354	0.0279
UPF1	442.1901	0.8636	0.8636	0.0513	0.0394
VEGFA	514.3884	1.0028	1.0028	0.0514	0.0393
VHL	669.3543	1.2611	1.2611	0.0381	0.0303
VTCN1	580.4003	1.1454	1.1454	0.0363	0.0263
WHSC1	580.1623	1.1353	1.1353	0.0255	0.0192
WHSC1L1	530.0794	1.0446	1.0446	0.0397	0.0315
WISP3	535.0323	1.0409	1.0409	0.0482	0.0337
WT1	497.5504	0.9819	0.9819	0.0468	0.0349
WWTR1	606.3856	1.1719	1.1719	0.0478	0.0385
XIAP	549.9938	1.0223	1.0223	0.0268	0.0216
XPO1	534.4715	1.0481	1.0481	0.0436	0.0334
XRCC2	649.1748	1.2038	1.2038	0.0418	0.0332
YAP1	519.5061	1.0217	1.0217	0.0501	0.0393
YES1	495.0417	0.9732	0.9732	0.0446	0.0346
ZBTB2	665.3670	1.2036	1.2036	0.0219	0.0171
ZFHX3	633.3486	1.2019	1.2019	0.0256	0.0194
ZNF217	691.7861	1.2705	1.2705	0.0286	0.0220
ZNF703	597.1989	1.1601	1.1601	0.0584	0.0474
