bin_info	binsize	mean_coverage	normalized_coverage	baseline_mean	baseline_std	baseline_mad
chr1:11854476-11854476:rs1801131	1	248.6809	0.9857	0.9857	0.0990	0.0865
chr1:11856378-11856378:rs1801133	1	312.4444	1.3025	1.3025	0.1264	0.1050
chr1:17345371-17345458:NM_003000	88	96.0869	0.3588	0.3588	0.1202	0.0933
chr1:17349098-17349230:NM_003000	133	102.7343	0.4473	0.4473	0.0773	0.0445
chr1:17350463-17350574:NM_003000	112	113.1723	0.5010	0.5010	0.0773	0.0622
chr1:17354239-17354365:NM_003000	127	187.9056	0.7287	0.7287	0.1093	0.0935
chr1:17355090-17355236:NM_003000	147	245.3736	0.9782	0.9782	0.0757	0.0554
chr1:17359550-17359645:NM_003000	96	47.9526	0.2265	0.2265	0.0623	0.0571
chr1:17371251-17371388:NM_003000	138	130.8971	0.5044	0.5044	0.0953	0.0665
chr1:17380438-17380519:NM_003000	82	116.8967	0.4546	0.4546	0.1155	0.0859
chr1:20915701-20915701:rs2072671	1	272.0169	1.1373	1.1373	0.2376	0.1199
chr1:20931474-20931474:rs60369023	1	272.5200	1.0266	1.0266	0.0753	0.0605
chr1:45794973-45795114:NM_001128425	142	207.7920	0.8691	0.8691	0.0780	0.0587
chr1:45796183-45796234:NM_001128425	52	115.0352	0.5706	0.5706	0.0722	0.0468
chr1:45796849-45797011:NM_001128425	163	301.4117	1.1385	1.1385	0.0354	0.0247
chr1:45797087-45797233:NM_001128425	147	347.8177	1.3964	1.3964	0.1448	0.1153
chr1:45797328-45797526:NM_001128425	199	298.9381	1.1782	1.1782	0.0889	0.0584
chr1:45797690-45797763:NM_001128425	74	258.4747	0.9503	0.9503	0.0861	0.0640
chr1:45797833-45797987:NM_001128425	155	384.2956	1.5527	1.5527	0.1940	0.1575
chr1:45798058-45798165:NM_001128425	108	292.6870	1.1717	1.1717	0.0875	0.0651
chr1:45798241-45798364:NM_001128425	124	333.8489	1.1653	1.1653	0.0765	0.0620
chr1:45798430-45798511:NM_001128425	82	332.5148	1.3460	1.3460	0.1675	0.1291
chr1:45798585-45798636:NM_001128425	52	174.2464	0.7786	0.7786	0.0653	0.0494
chr1:45798764-45798847:NM_001128425	84	92.6933	0.4658	0.4658	0.0526	0.0354
chr1:45798952-45799001:NM_001128425	50	249.1708	0.9696	0.9696	0.0598	0.0527
chr1:45799080-45799280:NM_001128425	201	320.4592	1.3151	1.3151	0.1178	0.0971
chr1:45800058-45800188:NM_001128425	131	253.1647	0.9595	0.9595	0.0384	0.0255
chr1:45805886-45805931:NM_001128425	46	258.8032	1.0285	1.0285	0.1738	0.1329
chr1:97547947-97547947:rs67376798	1	172.8571	0.6432	0.6432	0.0622	0.0449
chr1:97915614-97915614:rs3918290	1	227.9500	0.9215	0.9215	0.1146	0.0971
chr1:97981343-97981343:rs55886062	1	93.1915	0.3834	0.3834	0.0543	0.0433
chr1:98039499-98039499:rs78060119	1	146.0351	0.5321	0.5321	0.1097	0.0887
chr1:98045449-98045449:rs75017182	1	228.7500	0.8587	0.8587	0.0598	0.0399
chr1:115251151-115251280:NM_002524	130	147.5826	0.5677	0.5677	0.0905	0.0687
chr1:115252185-115252354:NM_002524	170	199.4996	0.7562	0.7562	0.0819	0.0652
chr1:115256416-115256604:NM_002524	189	148.3327	0.5846	0.5846	0.0493	0.0410
chr1:115258666-115258786:NM_002524	121	107.2382	0.5310	0.5310	0.0600	0.0525
chr1:120053342-120053377:chr1:120053342-120053377	36	2.9903	0.0174	0.0174	0.0096	0.0088
chr1:156841411-156841552:NM_001007792	142	261.8633	1.0143	1.0143	0.0372	0.0317
chr1:156843421-156845463:NM_001007792	2043	329.4337	1.1156	1.1156	0.0398	0.0323
chr1:156845868-156846007:NM_001007792	140	298.3536	0.9868	0.9868	0.0832	0.0688
chr1:156846188-156846369:NM_001007792	182	267.8231	0.9561	0.9561	0.0428	0.0328
chr1:156848910-156849159:NM_001007792	250	326.3281	1.0810	1.0810	0.0398	0.0350
chr1:156849787-156849954:NM_001007792	168	183.0507	0.7426	0.7426	0.0480	0.0386
chr1:156851245-156851591:NM_001007792	347	303.1290	1.1175	1.1175	0.0463	0.0382
chr1:161284191-161284220:NM_003001	30	209.4071	0.8889	0.8889	0.4453	0.3478
chr1:161293399-161293465:NM_003001	67	203.9737	0.7777	0.7777	0.1037	0.0790
chr1:161298181-161298292:NM_003001	112	192.3484	0.7387	0.7387	0.0891	0.0615
chr1:161310379-161310450:NM_003001	72	239.6281	0.9855	0.9855	0.0943	0.0732
chr1:161326462-161326635:NM_003001	174	184.6464	0.8007	0.8007	0.0627	0.0435
chr1:161332093-161332105:chr1:161332093-161332105	13	119.7082	0.4453	0.4453	0.1536	0.1108
chr1:161332114-161332228:NM_003001	115	97.5042	0.4385	0.4385	0.0588	0.0443
chr1:162736823-162736832:chr1:162736823-162736832	10	11.4600	0.0730	0.0730	0.0347	0.0285
chr1:162741810-162742042:NM_006182	233	251.7865	1.0041	1.0041	0.0740	0.0504
chr1:162743255-162743391:NM_006182	137	116.0293	0.4281	0.4281	0.0786	0.0626
chr1:162745438-162745638:NM_006182	201	156.9731	0.5948	0.5948	0.1028	0.0964
chr1:162745922-162746165:NM_006182	244	227.2302	0.8356	0.8356	0.0781	0.0592
chr1:162748366-162748524:NM_006182	159	240.8700	0.9258	0.9258	0.1119	0.0647
chr1:162749898-162750216:NM_006182	319	177.3141	0.6713	0.6713	0.0673	0.0552
chr1:186650321-186650321:rs20417	1	252.9245	0.9871	0.9871	0.0776	0.0603
chr2:29430033-29430143:NM_004304	111	265.0602	0.9903	0.9903	0.0947	0.0720
chr2:29432648-29432749:NM_004304	102	153.0721	0.6121	0.6121	0.0908	0.0846
chr2:29436846-29436952:NM_004304	107	245.1113	0.8692	0.8692	0.0709	0.0615
chr2:29443568-29443706:NM_004304	139	285.7636	0.9614	0.9614	0.0787	0.0590
chr2:29445206-29445279:NM_004304	74	265.6328	0.8749	0.8749	0.0559	0.0486
chr2:29445379-29445478:NM_004304	100	217.9633	0.8090	0.8090	0.0700	0.0651
chr2:29446204-29448436:NM_004304	2233	302.4712	1.0315	1.0315	0.0191	0.0143
chr2:31247514-31247514:rs9679162	1	361.6364	1.4473	1.4473	0.1951	0.1424
chr2:31249427-31249427:rs12613732	1	184.6226	0.6902	0.6902	0.0828	0.0708
chr2:39536691-39536717:chr2:39536691-39536717	27	12.0304	0.0674	0.0674	0.0182	0.0138
chr2:47596640-47596725:NM_002354	86	112.8123	0.4457	0.4457	0.0494	0.0381
chr2:47600597-47600714:NM_002354	118	353.4513	1.4460	1.4460	0.1585	0.1214
chr2:47600942-47601192:NM_002354	251	252.0872	1.0364	1.0364	0.0612	0.0496
chr2:47602368-47602443:NM_002354	76	365.8216	1.5013	1.5013	0.1661	0.1403
chr2:47604148-47604221:NM_002354	74	294.8590	1.1348	1.1348	0.0884	0.0587
chr2:47606087-47606198:NM_002354	112	304.5584	1.2520	1.2520	0.1106	0.0925
chr2:47606903-47607113:NM_002354	211	318.0271	1.1904	1.1904	0.0471	0.0411
chr2:47612300-47612354:NM_002354	55	299.9959	1.1039	1.1039	0.0658	0.0475
chr2:47613706-47613757:NM_002354	52	255.9865	0.9971	0.9971	0.1015	0.0727
chr2:47630326-47630546:NM_000251	221	231.1729	0.9434	0.9434	0.0656	0.0512
chr2:47635525-47635699:chr2:47635525-47635536,NM_000251	175	278.8581	1.0814	1.0814	0.1795	0.0986
chr2:47637228-47637516:NM_000251	289	320.4661	1.2814	1.2814	0.0646	0.0463
chr2:47639548-47639704:NM_000251	157	324.8378	1.3017	1.3017	0.1184	0.0936
chr2:47641403-47641586:NM_000251,chr2:47641561-47641586	184	187.3084	0.7184	0.7184	0.0706	0.0401
chr2:47643430-47643573:NM_000251	144	301.4910	1.1530	1.1530	0.0460	0.0381
chr2:47656876-47657085:NM_000251	210	333.7082	1.3500	1.3500	0.1265	0.1117
chr2:47672682-47672801:NM_000251	120	296.2821	1.1919	1.1919	0.1297	0.1139
chr2:47690165-47690298:NM_000251	134	295.8913	1.0376	1.0376	0.0502	0.0422
chr2:47693792-47693952:NM_000251	161	331.4110	1.3477	1.3477	0.1219	0.0924
chr2:47698099-47698206:NM_000251	108	316.9858	1.0679	1.0679	0.0333	0.0244
chr2:47702159-47702414:NM_000251	256	290.1675	1.0805	1.0805	0.0518	0.0402
chr2:47703501-47703715:NM_000251	215	299.9664	1.1991	1.1991	0.0819	0.0723
chr2:47705406-47705663:NM_000251	258	316.5641	1.2023	1.2023	0.0532	0.0454
chr2:47707830-47708015:NM_000251	186	265.9920	0.9826	0.9826	0.0537	0.0371
chr2:47709913-47710093:NM_000251	181	277.2097	1.0048	1.0048	0.0622	0.0489
chr2:48010368-48010637:NM_000179	270	225.7147	0.9152	0.9152	0.0839	0.0682
chr2:48018061-48018267:NM_000179	207	250.6686	0.9978	0.9978	0.0898	0.0701
chr2:48023028-48023207:NM_000179	180	234.6768	0.9035	0.9035	0.0579	0.0450
chr2:48025745-48028299:NM_000179	2555	268.7601	1.0973	1.0973	0.0474	0.0382
chr2:48030554-48030829:NM_000179	276	147.7732	0.6785	0.6785	0.0591	0.0510
chr2:48032044-48032171:NM_000179	128	236.2801	0.9069	0.9069	0.0636	0.0464
chr2:48032742-48032851:chr2:48032742-48032753,NM_000179	110	245.5532	0.9913	0.9913	0.0616	0.0551
chr2:48033338-48033502:NM_000179	165	326.8529	1.2969	1.2969	0.1061	0.0843
chr2:48033586-48033795:NM_000179	210	285.9652	1.0562	1.0562	0.0451	0.0370
chr2:48033892-48033908:chr2:48033892-48033908	17	32.6026	0.1856	0.1856	0.0562	0.0394
chr2:48033913-48034004:NM_000179	92	228.3261	0.8398	0.8398	0.0504	0.0384
chr2:54395259-54395259:rs1872328	1	297.8246	1.1860	1.1860	0.1290	0.1143
chr2:95849363-95849384:chr2:95849363-95849384	22	49.0155	0.2402	0.2402	0.0618	0.0477
chr2:111883071-111883319:NM_138621	249	292.2227	1.0827	1.0827	0.0480	0.0392
chr2:111885972-111886220:NM_138621	249	154.8845	0.5707	0.5707	0.0765	0.0597
chr2:204731005-204731005:rs4553808	1	223.0000	0.8516	0.8516	0.1225	0.0753
chr2:208494234-208494234:rs2952768	1	206.1333	0.8289	0.8289	0.1728	0.1377
chr2:209110038-209110153:NM_005896	116	271.8328	1.1252	1.1252	0.1111	0.1002
chr2:209113088-209113389:NM_005896	302	292.1905	1.0426	1.0426	0.0318	0.0231
chr2:216212339-216212339:rs4673993	1	215.0638	0.8470	0.8470	0.0491	0.0312
chr2:225422602-225422622:chr2:225422602-225422622	21	3.9035	0.0280	0.0280	0.0199	0.0143
chr2:234668880-234668894:rs3064744	15	196.5652	0.7252	0.7252	0.0543	0.0421
chr2:234669144-234669144:rs4148323	1	292.2564	1.0347	1.0347	0.0398	0.0229
chr3:10076010-10076029:chr3:10076010-10076029	20	29.4181	0.1557	0.1557	0.0664	0.0517
chr3:14187449-14187449:rs2228001	1	209.2449	0.7760	0.7760	0.0713	0.0575
chr3:37035034-37035159:NM_000249	126	197.6759	0.7223	0.7223	0.0334	0.0252
chr3:37038105-37038205:NM_000249	101	279.2202	1.1867	1.1867	0.0953	0.0694
chr3:37042441-37042549:NM_000249	109	244.3573	0.8674	0.8674	0.0468	0.0369
chr3:37045887-37045970:NM_000249	84	273.8571	0.9978	0.9978	0.0525	0.0326
chr3:37048477-37048559:NM_000249	83	349.1353	1.5028	1.5028	0.1852	0.1431
chr3:37050300-37050401:NM_000249	102	208.5217	0.7725	0.7725	0.0954	0.0751
chr3:37053306-37053358:NM_000249	53	161.3888	0.5696	0.5696	0.1251	0.0984
chr3:37053497-37053595:NM_000249	99	250.9148	0.9586	0.9586	0.0553	0.0460
chr3:37055918-37056040:NM_000249	123	131.0444	0.4669	0.4669	0.1449	0.1136
chr3:37058992-37059095:NM_000249	104	196.6140	0.7831	0.7831	0.0610	0.0501
chr3:37061796-37061959:NM_000249	164	243.5830	0.9161	0.9161	0.0314	0.0291
chr3:37067105-37067503:chr3:37067105-37067124,NM_000249	399	292.4941	1.1216	1.1216	0.0783	0.0620
chr3:37070270-37070428:NM_000249	159	219.8061	0.7836	0.7836	0.0657	0.0593
chr3:37081672-37081790:NM_000249	119	281.4591	1.0069	1.0069	0.0599	0.0440
chr3:37083754-37083827:NM_000249	74	262.4491	1.0609	1.0609	0.1307	0.1115
chr3:37089005-37089179:NM_000249	175	348.4912	1.4207	1.4207	0.1585	0.1312
chr3:37090003-37090105:NM_000249	103	283.0181	1.1091	1.1091	0.0752	0.0581
chr3:37090390-37090513:NM_000249	124	236.6070	0.9077	0.9077	0.0448	0.0337
chr3:37091972-37092149:NM_000249	178	257.4132	0.9475	0.9475	0.0539	0.0426
chr3:41279440-41279440:rs4135385	1	256.2857	1.0131	1.0131	0.1038	0.0641
chr3:69988439-69988451:chr3:69988439-69988451	13	21.0360	0.1034	0.1034	0.0515	0.0290
chr3:124456742-124456742:rs1801019	1	337.7556	1.1718	1.1718	0.0691	0.0489
chr3:178916609-178916970:NM_006218	362	266.9843	1.0865	1.0865	0.0740	0.0664
chr3:178917473-178917692:NM_006218	220	276.2636	1.0635	1.0635	0.0837	0.0581
chr3:178919073-178919333:NM_006218	261	278.4038	1.0070	1.0070	0.0452	0.0344
chr3:178921327-178921582:NM_006218	256	253.4032	0.8692	0.8692	0.0691	0.0579
chr3:178922286-178922381:NM_006218	96	314.0282	1.2365	1.2365	0.1711	0.1440
chr3:178927378-178927493:NM_006218	116	281.8106	1.1950	1.1950	0.1602	0.1111
chr3:178927969-178928131:NM_006218	163	293.5568	1.1179	1.1179	0.0721	0.0498
chr3:178928214-178928358:NM_006218	145	239.6250	0.9559	0.9559	0.0297	0.0242
chr3:178935993-178936127:NM_006218	135	267.9192	1.1096	1.1096	0.1912	0.1354
chr3:178936979-178937070:NM_006218	92	218.2688	0.7945	0.7945	0.0637	0.0476
chr3:178937354-178937528:NM_006218	175	200.5404	0.8138	0.8138	0.0615	0.0427
chr3:178937732-178937845:NM_006218	114	130.3099	0.5235	0.5235	0.0468	0.0338
chr3:178938769-178938950:NM_006218	182	236.2564	0.8954	0.8954	0.0946	0.0639
chr3:178941864-178941980:NM_006218	117	200.4087	0.7903	0.7903	0.0561	0.0392
chr3:178942483-178942614:NM_006218	132	207.8966	0.7933	0.7933	0.0768	0.0580
chr3:178943745-178943833:NM_006218	89	178.8018	0.6653	0.6653	0.0746	0.0574
chr3:178947055-178947235:NM_006218	181	239.1181	0.8500	0.8500	0.0420	0.0321
chr3:178947787-178947914:NM_006218	128	270.0817	1.0457	1.0457	0.0490	0.0405
chr3:178948008-178948169:NM_006218	162	227.4684	0.8704	0.8704	0.0834	0.0664
chr3:178951877-178952157:NM_006218	281	216.8725	0.8138	0.8138	0.0542	0.0380
chr4:1795657-1795775:NM_000142	119	306.6978	1.2758	1.2758	0.3469	0.2966
chr4:1800976-1801255:NM_000142	280	348.4703	1.3478	1.3478	0.1333	0.1003
chr4:1801469-1801544:NM_000142	76	334.1200	1.1374	1.1374	0.0589	0.0469
chr4:1803089-1803268:NM_000142	180	278.4633	1.0983	1.0983	0.0679	0.0601
chr4:1803342-1803475:NM_000142	134	276.9507	1.0905	1.0905	0.1346	0.0949
chr4:1803557-1803757:NM_000142	201	311.0586	1.1934	1.1934	0.1093	0.0917
chr4:1805414-1805568:NM_000142	155	311.3628	1.2415	1.2415	0.1339	0.0921
chr4:1806052-1806252:NM_000142	201	286.4467	1.0383	1.0383	0.0398	0.0289
chr4:1806546-1806701:NM_000142	156	222.7998	0.8658	0.8658	0.0598	0.0441
chr4:1807077-1807208:NM_000142	132	316.3396	1.3308	1.3308	0.1583	0.1360
chr4:1807281-1807401:NM_000142	121	329.2579	1.3640	1.3640	0.1417	0.1175
chr4:1807472-1807672:NM_000142	201	401.3388	1.7340	1.7340	0.2891	0.2572
chr4:1807773-1807905:NM_000142	133	287.9721	1.0998	1.0998	0.0397	0.0360
chr4:1807979-1808059:NM_000142	81	95.2542	0.3989	0.3989	0.0446	0.0353
chr4:1808268-1808415:NM_000142	148	331.3380	1.1216	1.1216	0.0580	0.0416
chr4:1808551-1808994:NM_000142	444	276.4429	1.0809	1.0809	0.0750	0.0556
chr4:25665949-25667754:NM_00642	1806	192.6901	0.7413	0.7413	0.0382	0.0317
chr4:55141004-55141145:NM_006206	142	217.8701	0.8489	0.8489	0.0709	0.0636
chr4:55144059-55144178:NM_006206	120	219.1420	0.8419	0.8419	0.0755	0.0655
chr4:55152004-55152135:NM_006206	132	237.3430	0.9039	0.9039	0.0356	0.0310
chr4:55524182-55524248:KIT|NM_000222|exon|1|CDS	67	248.3986	0.9935	0.9935	0.1152	0.0738
chr4:55561678-55561947:KIT|NM_000222|exon|2|CDS	270	253.8028	1.0016	1.0016	0.0485	0.0381
chr4:55564450-55564731:KIT|NM_000222|exon|3|CDS	282	303.7823	1.2366	1.2366	0.1668	0.1572
chr4:55565796-55565932:KIT|NM_000222|exon|4|CDS	137	160.0345	0.6132	0.6132	0.0771	0.0629
chr4:55569890-55570058:KIT|NM_000222|exon|5|CDS	169	249.2913	1.0216	1.0216	0.0975	0.0831
chr4:55573264-55573453:KIT|NM_000222|exon|6|CDS	190	249.6681	0.9131	0.9131	0.0557	0.0478
chr4:55575590-55575705:KIT|NM_000222|exon|7|CDS	116	245.5076	1.0096	1.0096	0.0892	0.0676
chr4:55589750-55589864:KIT|NM_000222|exon|8|CDS	115	246.4756	0.9198	0.9198	0.0455	0.0404
chr4:55592023-55592216:KIT|NM_000222|exon|9|CDS	194	283.9222	1.1493	1.1493	0.0732	0.0568
chr4:55593384-55593490:KIT|NM_000222|exon|10|CDS	107	315.0849	1.3174	1.3174	0.1385	0.1075
chr4:55593582-55593708:KIT|NM_000222|exon|11|CDS	127	296.5698	1.2044	1.2044	0.1064	0.0971
chr4:55593989-55594093:KIT|NM_000222|exon|12|CDS	105	293.6741	1.1864	1.1864	0.1162	0.1039
chr4:55594177-55594287:KIT|NM_000222|exon|13|CDS	111	272.3132	1.0648	1.0648	0.0804	0.0658
chr4:55595501-55595651:KIT|NM_000222|exon|14|CDS	151	200.3373	0.7421	0.7421	0.0581	0.0522
chr4:55597494-55597585:KIT|NM_000222|exon|15|CDS	92	298.7552	1.2394	1.2394	0.1500	0.1280
chr4:55598037-55598164:KIT|NM_000222|exon|16|CDS	128	221.0830	0.8276	0.8276	0.0384	0.0358
chr4:55598213-55598236:chr4:55598213-55598236	24	8.2859	0.0567	0.0567	0.0152	0.0116
chr4:55599236-55599358:KIT|NM_000222|exon|17|CDS	123	284.1089	1.1864	1.1864	0.1326	0.1013
chr4:55602664-55602775:KIT|NM_000222|exon|18|CDS	112	236.5456	0.9519	0.9519	0.0727	0.0625
chr4:55602887-55602986:KIT|NM_000222|exon|19|CDS	100	191.7950	0.7445	0.7445	0.0693	0.0535
chr4:55603341-55603446:KIT|NM_000222|exon|20|CDS	106	236.1176	0.9218	0.9218	0.0917	0.0575
chr4:55604595-55604723:KIT|NM_000222|exon|21|CDS	129	250.6593	0.8733	0.8733	0.0454	0.0345
chr4:89020934-89020934:rs4148157	1	242.5283	0.9074	0.9074	0.0599	0.0550
chr5:218466-218538:NM_004168	73	234.7736	0.9217	0.9217	0.2325	0.1703
chr5:223592-223688:NM_004168	97	356.6898	1.4534	1.4534	0.1750	0.1167
chr5:224470-224641:NM_004168	172	333.8236	1.1698	1.1698	0.0341	0.0286
chr5:225529-225682:NM_004168	154	351.6774	1.4509	1.4509	0.1826	0.1415
chr5:225993-226167:NM_004168	175	338.6211	1.2795	1.2795	0.0956	0.0899
chr5:228295-228453:NM_004168	159	376.9189	1.5818	1.5818	0.1814	0.1275
chr5:230986-231120:NM_004168	135	281.2057	1.0044	1.0044	0.0779	0.0579
chr5:233587-233765:NM_004168	179	207.9059	0.8043	0.8043	0.0613	0.0526
chr5:235254-235459:NM_004168	206	345.3926	1.3517	1.3517	0.1449	0.1009
chr5:236538-236719:NM_004168	182	222.0457	0.8604	0.8604	0.0766	0.0662
chr5:240468-240596:NM_004168	129	216.7164	0.8258	0.8258	0.0702	0.0605
chr5:251102-251223:NM_004168	122	287.0013	1.1738	1.1738	0.1071	0.0845
chr5:251448-251588:NM_004168	141	187.9170	0.7180	0.7180	0.0851	0.0743
chr5:254503-254626:NM_004168	124	72.0989	0.3758	0.3758	0.0349	0.0249
chr5:256444-256540:NM_004168	97	308.0035	1.2476	1.2476	0.0655	0.0439
chr5:610093-610093:rs924607	1	247.3077	0.9833	0.9833	0.0811	0.0549
chr5:7870973-7870973:rs1801394	1	227.4038	0.9167	0.9167	0.0607	0.0434
chr5:112090583-112090727:NM_000038	145	247.0892	0.9621	0.9621	0.1026	0.0758
chr5:112102018-112102112:NM_000038	95	266.0364	1.0548	1.0548	0.1067	0.0987
chr5:112102881-112103092:NM_000038	212	342.8887	1.4599	1.4599	0.2013	0.1459
chr5:112111321-112111439:NM_000038	119	209.8310	0.7985	0.7985	0.0940	0.0750
chr5:112116482-112116605:NM_000038	124	276.6413	1.1247	1.1247	0.1174	0.1070
chr5:112128138-112128231:NM_000038	94	325.7641	1.3775	1.3775	0.2116	0.1905
chr5:112136971-112137085:NM_000038	115	321.3831	1.3681	1.3681	0.1834	0.1529
chr5:112151187-112151295:NM_000038	109	292.9942	1.1335	1.1335	0.0914	0.0558
chr5:112154658-112155046:NM_000038	389	308.2728	1.2586	1.2586	0.1198	0.0863
chr5:112157588-112157693:NM_000038	106	329.6440	1.3729	1.3729	0.1612	0.1344
chr5:112162800-112162949:NM_000038	150	302.1797	1.2081	1.2081	0.0854	0.0618
chr5:112163621-112163708:NM_000038	88	292.6643	1.1085	1.1085	0.0314	0.0265
chr5:112164548-112164674:NM_000038	127	182.1120	0.7022	0.7022	0.0679	0.0543
chr5:112170643-112170867:NM_000038	225	338.4618	1.4130	1.4130	0.1407	0.1165
chr5:112173245-112179828:NM_000038	6584	280.0734	1.0812	1.0812	0.0336	0.0214
chr5:149781810-149782129:NM_001025159	320	237.2332	0.9277	0.9277	0.0848	0.0590
chr5:149782872-149784246:NM_001025159	1375	266.6907	0.9873	0.9873	0.0349	0.0248
chr6:18130918-18130918:rs1142345	1	281.2174	1.0003	1.0003	0.1173	0.0918
chr6:18131012-18131012:rs1800584	1	289.0256	1.0195	1.0195	0.0714	0.0561
chr6:18139228-18139228:rs1800460	1	211.0517	0.7872	0.7872	0.1328	0.1256
chr6:18143955-18143955:rs1800462	1	226.7593	0.8832	0.8832	0.1073	0.0875
chr6:18148082-18148082:rs200591577	1	306.4528	1.2265	1.2265	0.1598	0.1366
chr6:51503599-51503615:chr6:51503599-51503615	17	34.6975	0.1944	0.1944	0.0487	0.0350
chr6:117609459-117609970:NM_002944	512	252.6461	1.0543	1.0543	0.0422	0.0342
chr6:117622133-117622305:NM_002944	173	245.6047	0.9097	0.9097	0.0485	0.0345
chr6:117629953-117630096:NM_002944	144	250.7155	0.9779	0.9779	0.0798	0.0572
chr6:117631240-117631449:NM_002944	210	227.5117	0.8766	0.8766	0.0561	0.0404
chr6:117632179-117632285:NM_002944	107	188.1556	0.6896	0.6896	0.0761	0.0654
chr6:117638302-117638440:NM_002944	139	186.4286	0.7107	0.7107	0.0800	0.0538
chr6:117639347-117639420:NM_002944	74	315.9754	1.2892	1.2892	0.1610	0.1328
chr6:117641027-117647582:NM_002944	6556	247.6096	0.9024	0.9024	0.0326	0.0264
chr6:117650488-117650614:NM_002944	127	194.5740	0.7050	0.7050	0.0820	0.0678
chr6:117658331-117658508:NM_002944	178	217.4868	0.8205	0.8205	0.0460	0.0343
chr6:137102365-137102365:rs9376230	1	346.3488	1.1780	1.1780	0.0651	0.0474
chr6:137105400-137105400:rs9483947	1	254.3333	1.0109	1.0109	0.0593	0.0508
chr6:152163335-152163335:rs2234693	1	273.7551	0.9916	0.9916	0.1116	0.0656
chr6:152200129-152200129:rs9322335	1	239.5283	0.9129	0.9129	0.0849	0.0630
chr6:152424478-152424478:rs2813543	1	279.9623	1.0733	1.0733	0.0886	0.0685
chr6:154360797-154360797:rs1799971	1	107.1961	0.4467	0.4467	0.0731	0.0475
chr6:160113872-160113872:rs4880	1	125.5536	0.4809	0.4809	0.1064	0.0855
chr6:162683815-162683834:chr6:162683815-162683834	20	8.5691	0.0465	0.0465	0.0209	0.0142
chr7:6013025-6013178:NM_000535	154	20.1683	0.0794	0.0794	0.0277	0.0249
chr7:6017214-6017393:NM_000535	180	233.3332	0.9378	0.9378	0.1060	0.0670
chr7:6018222-6018332:NM_000535	111	287.4457	1.2184	1.2184	0.3039	0.1796
chr7:6022450-6022627:NM_000535	178	48.7989	0.2233	0.2233	0.0302	0.0209
chr7:6026385-6027256:NM_000535	872	301.2532	1.2141	1.2141	0.0719	0.0583
chr7:6029426-6029591:NM_000535	166	371.9082	1.5130	1.5130	0.1381	0.0898
chr7:6031599-6031693:NM_000535	95	303.9801	1.2285	1.2285	0.0837	0.0562
chr7:6035160-6035269:NM_000535	110	228.4848	0.8932	0.8932	0.1321	0.1085
chr7:6036952-6037074:NM_000535,chr7:6037059-6037074	123	254.3684	1.0051	1.0051	0.2749	0.2052
chr7:6038734-6038911:NM_000535	178	385.9351	1.6671	1.6671	0.1724	0.1161
chr7:6042079-6042272:NM_000535	194	116.9396	0.5616	0.5616	0.0644	0.0525
chr7:6043316-6043428:NM_000535	113	229.8049	0.8847	0.8847	0.1045	0.0918
chr7:6043598-6043694:NM_000535	97	258.9245	0.9466	0.9466	0.1060	0.0787
chr7:6045518-6045667:NM_000535	150	213.9287	0.8108	0.8108	0.1157	0.0844
chr7:6048623-6048655:NM_000535	33	81.8147	0.3222	0.3222	0.1507	0.1355
chr7:6048734-6048862:NM_000535	129	232.0200	0.9781	0.9781	0.5065	0.3633
chr7:55086966-55087063:NM_005228	98	176.3302	0.7960	0.7960	0.2875	0.1665
chr7:55209974-55210135:NM_005228	162	117.9894	0.5154	0.5154	0.0635	0.0353
chr7:55210993-55211186:NM_005228	194	178.3810	0.7155	0.7155	0.0549	0.0478
chr7:55214294-55214438:NM_005228	145	205.2179	0.7754	0.7754	0.0837	0.0737
chr7:55218982-55219060:NM_005228	79	121.1787	0.4720	0.4720	0.1071	0.0863
chr7:55220234-55220362:NM_005228	129	145.6393	0.5518	0.5518	0.0770	0.0555
chr7:55221699-55221850:NM_005228	152	156.7630	0.5956	0.5956	0.1040	0.0794
chr7:55223518-55223644:NM_005228	127	194.3291	0.7086	0.7086	0.0435	0.0308
chr7:55224221-55224357:NM_005228	137	265.8330	1.0904	1.0904	0.0680	0.0490
chr7:55224447-55224530:NM_005228	84	242.8043	0.9653	0.9653	0.0629	0.0515
chr7:55225351-55225451:NM_005228	101	196.1292	0.7451	0.7451	0.0693	0.0573
chr7:55227827-55228036:NM_005228	210	211.3405	0.8253	0.8253	0.0527	0.0323
chr7:55229187-55229329:NM_005228	143	281.2495	1.1538	1.1538	0.1900	0.1417
chr7:55231421-55231521:NM_005228	101	211.8091	0.8292	0.8292	0.0896	0.0666
chr7:55232968-55233135:NM_005228	168	194.5476	0.7344	0.7344	0.0682	0.0620
chr7:55238863-55238911:NM_005228	49	232.1117	0.8880	0.8880	0.0697	0.0489
chr7:55240671-55241741:NM_005228	1071	249.3885	0.9062	0.9062	0.0285	0.0247
chr7:55242410-55242518:NM_005228	109	75.7446	0.3503	0.3503	0.0437	0.0326
chr7:55248981-55249176:NM_005228	196	211.4610	0.7809	0.7809	0.0408	0.0352
chr7:55259407-55259572:NM_005228	166	263.1707	0.9307	0.9307	0.0522	0.0457
chr7:55260454-55260539:NM_005228	86	202.0547	0.7699	0.7699	0.0779	0.0566
chr7:55266405-55266561:NM_005228	157	263.2927	0.9931	0.9931	0.0777	0.0399
chr7:55268004-55268111:NM_005228	108	107.1323	0.4060	0.4060	0.0847	0.0568
chr7:55268876-55269480:NM_005228	605	257.2711	1.0384	1.0384	0.1135	0.0810
chr7:55270205-55270323:NM_005228	119	102.6159	0.3941	0.3941	0.0746	0.0657
chr7:55272944-55273315:NM_005228	372	198.1836	0.8110	0.8110	0.0681	0.0424
chr7:80532112-80532112:rs7779029	1	120.3469	0.5580	0.5580	0.0791	0.0580
chr7:87138645-87138645:rs1045642	1	153.6727	0.5922	0.5922	0.0979	0.0634
chr7:87160618-87160618:rs2032582	1	237.7222	0.9140	0.9140	0.0843	0.0704
chr7:87179809-87179809:rs2229109	1	275.7308	1.0478	1.0478	0.0791	0.0595
chr7:99382096-99382096:rs2740574	1	107.4400	0.5111	0.5111	0.0835	0.0642
chr7:116339134-116340343:NM_000245	1210	276.4886	1.0968	1.0968	0.0588	0.0454
chr7:116371717-116371918:NM_000245	202	122.9596	0.6300	0.6300	0.0476	0.0272
chr7:116379999-116380143:NM_000245	145	216.9717	0.8720	0.8720	0.0777	0.0633
chr7:116380901-116381084:NM_000245	184	278.7888	1.0774	1.0774	0.1190	0.0953
chr7:116381123-116381137:chr7:116381123-116381137	15	8.3746	0.0539	0.0539	0.0156	0.0114
chr7:116395404-116395574:NM_000245	171	276.0248	0.9427	0.9427	0.0476	0.0412
chr7:116397486-116397598:NM_000245	113	339.5310	1.3631	1.3631	0.1558	0.1292
chr7:116397687-116397833:NM_000245	147	295.8041	1.0607	1.0607	0.1009	0.0411
chr7:116398508-116398679:NM_000245	172	293.7082	1.1151	1.1151	0.0610	0.0513
chr7:116399440-116399549:NM_000245	110	275.9214	1.0523	1.0523	0.0651	0.0537
chr7:116403099-116403327:NM_000245	229	321.8437	1.3106	1.3106	0.0965	0.0844
chr7:116409677-116409690:chr7:116409677-116409690	14	192.3403	0.6916	0.6916	0.1547	0.1182
chr7:116409694-116409850:NM_000245	157	328.2419	1.2253	1.2253	0.0534	0.0355
chr7:116411547-116412249:NM_000245	703	303.8198	1.1817	1.1817	0.0430	0.0358
chr7:116414930-116415170:NM_000245	241	276.2854	1.0636	1.0636	0.0894	0.0715
chr7:116417438-116417528:NM_000245	91	335.8601	1.3671	1.3671	0.1587	0.1284
chr7:116418825-116419016:NM_000245	192	256.1422	0.9743	0.9743	0.0486	0.0324
chr7:116422037-116422156:NM_000245	120	327.8346	1.3314	1.3314	0.1632	0.1426
chr7:116423353-116423528:NM_000245	176	325.8364	1.2178	1.2178	0.0665	0.0523
chr7:116435704-116435850:NM_000245	147	273.9442	1.0272	1.0272	0.0534	0.0371
chr7:116435936-116436183:NM_000245	248	267.6641	1.0477	1.0477	0.0885	0.0612
chr7:140434392-140434575:NM_004333	184	241.7058	0.8935	0.8935	0.0740	0.0561
chr7:140439607-140439751:NM_004333	145	198.1349	0.7360	0.7360	0.0793	0.0631
chr7:140449082-140449223:NM_004333	142	305.1968	1.1809	1.1809	0.0664	0.0529
chr7:140453070-140453198:NM_004333	129	334.3713	1.3964	1.3964	0.1752	0.1390
chr7:140453982-140454038:NM_004333	57	342.3506	1.3880	1.3880	0.1404	0.1107
chr7:140476707-140476893:NM_004333	187	169.4179	0.6213	0.6213	0.0993	0.0757
chr7:140477786-140477880:NM_004333	95	318.5844	1.3659	1.3659	0.1427	0.1110
chr7:140481371-140482962:NM_004333	1592	187.1616	0.7231	0.7231	0.0584	0.0502
chr7:140487343-140487389:NM_004333	47	209.2093	0.7829	0.7829	0.1233	0.0948
chr7:140494103-140494272:NM_004333	170	330.7897	1.3783	1.3783	0.1337	0.0914
chr7:140500157-140500286:NM_004333	130	251.5414	0.9544	0.9544	0.0476	0.0369
chr7:140501207-140501365:NM_004333	159	313.6924	1.2708	1.2708	0.1019	0.0835
chr7:140507755-140507867:NM_004333	113	253.9613	0.9913	0.9913	0.0619	0.0503
chr7:140508687-140508800:NM_004333	114	269.2061	1.0523	1.0523	0.0764	0.0571
chr7:140534404-140534677:NM_004333	274	326.5796	1.3590	1.3590	0.1247	0.0917
chr7:140549906-140550017:NM_004333	112	255.6540	0.9120	0.9120	0.0617	0.0486
chr7:140624361-140624508:NM_004333	148	188.0316	0.7918	0.7918	0.1193	0.1103
chr7:151875101-151875126:chr7:151875101-151875126	26	9.2637	0.0566	0.0566	0.0225	0.0173
chr8:32585462-32585601:NM_013957	140	188.7134	0.7202	0.7202	0.0595	0.0427
chr8:38271141-38271546:NM_001174067	406	308.3966	1.1325	1.1325	0.0508	0.0416
chr8:38271666-38271812:NM_001174067	147	305.2289	1.0684	1.0684	0.0623	0.0465
chr8:38272073-38272424:NM_001174067	352	206.9273	0.7748	0.7748	0.0330	0.0201
chr8:38273384-38273583:NM_001174067	200	312.0558	1.1041	1.1041	0.0460	0.0365
chr8:69389217-69389217:rs1517114	1	176.0417	0.7016	0.7016	0.0738	0.0595
chr8:141754890-141754904:chr8:141754890-141754904	15	149.5094	0.5574	0.5574	0.1162	0.0889
chr9:21968223-21968246:NM_000077	24	213.3565	0.8174	0.8174	0.1211	0.0892
chr9:21970896-21971212:NM_000077	317	262.4154	1.0080	1.0080	0.1123	0.1022
chr9:21974672-21974831:NM_000077	160	172.7084	0.6914	0.6914	0.0438	0.0364
chr9:80336234-80336434:NM_002072	201	160.8341	0.5968	0.5968	0.0856	0.0725
chr9:80343425-80343588:NM_002072	164	126.9440	0.4538	0.4538	0.1095	0.0912
chr9:80409374-80409513:NM_002072	140	193.0796	0.7217	0.7217	0.0298	0.0257
chr9:80412431-80412569:NM_002072	139	163.5177	0.6375	0.6375	0.0640	0.0515
chr9:80430527-80430691:NM_002072	165	205.4955	0.7779	0.7779	0.0390	0.0257
chr9:80537072-80537266:NM_002072	195	228.4021	0.8645	0.8645	0.0568	0.0443
chr9:80646011-80646156:NM_002072	146	211.8051	0.9041	0.9041	0.3097	0.2116
chr9:86900926-86900926:rs7853758	1	265.3878	1.0030	1.0030	0.0760	0.0574
chr9:86909550-86909550:rs885004	1	240.6552	0.9476	0.9476	0.1291	0.0998
chr9:87356803-87356847:NM_006180	45	273.2243	1.0863	1.0863	0.0987	0.0828
chr9:87359884-87359993:NM_006180	110	194.4040	0.7307	0.7307	0.0549	0.0425
chr9:87366897-87367005:NM_006180	109	99.6155	0.3876	0.3876	0.0797	0.0566
chr9:87475951-87476007:NM_006180	57	297.0118	1.2571	1.2571	0.1744	0.1467
chr9:87482154-87482351:NM_006180	198	214.9037	0.8505	0.8505	0.0267	0.0170
chr9:87549073-87549212:NM_006180	140	262.4854	1.1127	1.1127	0.1644	0.1299
chr9:87563373-87563554:NM_006180	182	187.2182	0.7321	0.7321	0.0776	0.0628
chr9:87570194-87570437:NM_006180	244	275.8130	1.0577	1.0577	0.1157	0.0884
chr9:87635117-87635284:NM_006180	168	176.9606	0.6831	0.6831	0.0703	0.0485
chr9:87636163-87636357:NM_006180	195	213.9390	0.8329	0.8329	0.0556	0.0370
chr10:43595838-43595850:chr10:43595838-43595850	13	29.5966	0.1624	0.1624	0.0377	0.0311
chr10:43606651-43606918:NM_020975	268	354.9749	1.3088	1.3088	0.1132	0.0866
chr10:43607543-43607677:NM_020975	135	160.2066	0.6233	0.6233	0.0830	0.0647
chr10:43608297-43608416:NM_020975	120	318.1726	1.1184	1.1184	0.0839	0.0584
chr10:43609000-43612184:NM_020975	3185	290.1727	1.0204	1.0204	0.0188	0.0155
chr10:43613817-43613933:NM_020975	117	404.5619	1.5058	1.5058	0.1855	0.1175
chr10:43614975-43615198:NM_020975	224	356.1224	1.2770	1.2770	0.1324	0.1072
chr10:43615525-43615656:NM_020975	132	308.0925	1.0731	1.0731	0.0586	0.0429
chr10:43617390-43617469:NM_020975	80	212.1242	0.8445	0.8445	0.0759	0.0632
chr10:43619115-43619261:NM_020975	147	327.0808	1.2305	1.2305	0.1019	0.0800
chr10:43620327-43620435:NM_020975	109	287.5889	1.0718	1.0718	0.0802	0.0658
chr10:88635771-88635847:NM_004329	77	130.9326	0.5072	0.5072	0.1046	0.0646
chr10:88649814-88649986:NM_004329	173	291.1859	1.0703	1.0703	0.0541	0.0416
chr10:88651879-88651991:NM_004329	113	70.1126	0.3213	0.3213	0.0655	0.0521
chr10:88659546-88659652:NM_004329	107	91.8030	0.3291	0.3291	0.1582	0.1301
chr10:88659779-88659888:NM_004329	110	260.1687	0.9555	0.9555	0.0746	0.0572
chr10:88671992-88672146:NM_004329	155	256.0763	0.8865	0.8865	0.0656	0.0520
chr10:88676886-88677088:NM_004329	203	86.0791	0.4230	0.4230	0.0544	0.0452
chr10:88678924-88679231:NM_004329	308	232.7406	0.8880	0.8880	0.0566	0.0487
chr10:88681272-88681457:NM_004329	186	249.4440	0.9208	0.9208	0.0633	0.0516
chr10:88683128-88683268:NM_004329	141	261.8221	1.0304	1.0304	0.0760	0.0601
chr10:88683346-88683481:NM_004329	136	258.0701	0.9490	0.9490	0.0479	0.0406
chr10:89624222-89624310:NM_000314	89	17.6824	0.0664	0.0664	0.0547	0.0564
chr10:89653777-89653871:NM_000314	95	12.8815	0.0470	0.0470	0.0428	0.0409
chr10:89685265-89685319:NM_000314	55	14.7387	0.0559	0.0559	0.0488	0.0447
chr10:89690798-89690851:NM_000314	54	14.0439	0.0558	0.0558	0.0516	0.0493
chr10:89692765-89693013:NM_000314	249	90.1550	0.3354	0.3354	0.4314	0.3254
chr10:89711870-89712021:NM_000314	152	86.9161	0.3249	0.3249	0.4041	0.3020
chr10:89717605-89717781:NM_000314	177	100.2387	0.3679	0.3679	0.4704	0.3537
chr10:89720646-89720880:NM_000314	235	12.8693	0.0458	0.0458	0.0387	0.0360
chr10:89725039-89725234:NM_000314	196	0.0000	0.0174	0.0000	0.0096	0.0000
chr10:96741053-96741053:rs1057910	1	244.5263	0.8987	0.8987	0.0440	0.0267
chr10:104897985-104897985:rs11598702	1	266.8393	1.0093	1.0093	0.0923	0.0755
chr10:115438204-115438204:rs12415607	1	242.5870	0.9117	0.9117	0.0578	0.0443
chr10:115439569-115439569:rs7921977	1	175.1731	0.7484	0.7484	0.1257	0.0787
chr10:115489152-115489152:rs2227310	1	269.7647	0.9604	0.9604	0.0562	0.0415
chr10:115489589-115489589:rs4353229	1	213.4000	0.8147	0.8147	0.0735	0.0640
chr10:123239366-123243322:NM_000141	3957	203.8848	0.7808	0.7808	0.0554	0.0463
chr10:123244905-123245051:NM_000141	147	252.7917	0.9711	0.9711	0.0803	0.0509
chr10:123246864-123246943:NM_000141	80	363.1280	1.7712	1.7712	0.2074	0.1551
chr10:123247501-123247632:NM_000141	132	267.7719	1.0710	1.0710	0.1072	0.0942
chr10:123256042-123256241:NM_000141	200	310.4337	1.2285	1.2285	0.1058	0.0925
chr10:123258005-123258124:NM_000141	120	198.5595	0.7918	0.7918	0.0594	0.0462
chr10:123260336-123260466:NM_000141	131	178.4634	0.6888	0.6888	0.0677	0.0568
chr10:123263300-123263460:NM_000141	161	304.2869	1.1589	1.1589	0.1143	0.0898
chr10:123274627-123274838:NM_000141	212	294.8803	1.1349	1.1349	0.0805	0.0631
chr10:123276829-123276982:NM_000141	154	272.5428	1.0282	1.0282	0.0494	0.0439
chr10:123279489-123279688:NM_000141	200	310.8412	1.2938	1.2938	0.1450	0.1024
chr11:532631-532760:NM_005343	130	257.6871	1.1096	1.1096	0.2938	0.1551
chr11:533448-533617:NM_005343	170	337.1912	1.1661	1.1661	0.0635	0.0527
chr11:533761-533949:NM_005343	189	201.7101	0.7730	0.7730	0.1211	0.0888
chr11:534207-534327:NM_005343	121	155.6207	0.6109	0.6109	0.1213	0.0955
chr11:67352689-67352689:rs1695	1	183.5738	0.7175	0.7175	0.2619	0.1890
chr11:102193510-102193534:chr11:102193510-102193534	25	14.9226	0.0737	0.0737	0.0294	0.0205
chr11:103418158-103418158:rs716274	1	279.9375	1.0518	1.0518	0.0620	0.0443
chr11:108114663-108114676:chr11:108114663-108114676	14	85.2529	0.2867	0.2867	0.1517	0.1091
chr11:108121412-108121425:chr11:108121412-108121425	14	7.2041	0.0524	0.0524	0.0164	0.0131
chr11:108141957-108141970:chr11:108141957-108141970	14	18.4898	0.1208	0.1208	0.0240	0.0183
chr11:108188268-108188279:chr11:108188268-108188279	12	163.5201	0.6893	0.6893	0.1020	0.0749
chr11:108195978-108195995:chr11:108195978-108195995	18	25.2190	0.1020	0.1020	0.0632	0.0525
chr11:111957627-111957688:NM_003002	62	230.6627	0.8508	0.8508	0.0767	0.0641
chr11:111958576-111958702:NM_003002	127	236.3538	0.9141	0.9141	0.0418	0.0334
chr11:111959586-111959740:NM_003002	155	362.5348	1.4041	1.4041	0.1411	0.1136
chr11:111965524-111965699:NM_003002	176	282.1556	1.1607	1.1607	0.1150	0.0843
chr11:119144793-119144808:chr11:119144793-119144808	16	60.6076	0.2904	0.2904	0.0774	0.0656
chr11:125490767-125490786:chr11:125490767-125490786	20	90.4678	0.3312	0.3312	0.1151	0.0979
chr12:432377-432404:chr12:432377-432404	28	6.6821	0.0393	0.0393	0.0165	0.0131
chr12:12025429-12025450:chr12:12025429-12025450	22	8.9267	0.0511	0.0511	0.0252	0.0158
chr12:21011480-21011480:rs4149117	1	224.5122	0.8621	0.8621	0.0597	0.0492
chr12:21382619-21382619:rs11045879	1	203.9792	0.7358	0.7358	0.0613	0.0423
chr12:25362724-25362850:NM_004985	127	115.8484	0.4508	0.4508	0.0927	0.0834
chr12:25378543-25378712:NM_004985	170	308.3100	1.2669	1.2669	0.1420	0.1241
chr12:25380163-25380351:NM_004985	189	264.9936	1.0180	1.0180	0.0968	0.0768
chr12:25398203-25398323:NM_004985	121	230.6575	0.8801	0.8801	0.0533	0.0361
chr12:56474085-56474166:ERBB3|NM_001982|exon|1|CDS	82	168.0962	0.6734	0.6734	0.0685	0.0608
chr12:56477535-56477686:ERBB3|NM_001982|exon|2|CDS	152	348.1602	1.3329	1.3329	0.0721	0.0516
chr12:56478779-56478965:ERBB3|NM_001982|exon|3|CDS	187	188.3941	0.7537	0.7537	0.0916	0.0660
chr12:56480315-56480440:ERBB3|NM_001982|exon|4|CDS	126	194.1951	0.7630	0.7630	0.1120	0.0941
chr12:56481361-56481426:ERBB3|NM_001982|exon|5|CDS	66	85.2579	0.4160	0.4160	0.0639	0.0442
chr12:56481579-56481697:ERBB3|NM_001982|exon|6|CDS	119	214.2424	0.7906	0.7906	0.1174	0.0992
chr12:56481805-56481946:ERBB3|NM_001982|exon|7|CDS	142	243.8912	0.9605	0.9605	0.0996	0.0810
chr12:56482327-56482440:ERBB3|NM_001982|exon|8|CDS	114	342.6304	1.3449	1.3449	0.0812	0.0666
chr12:56482532-56482652:ERBB3|NM_001982|exon|9|CDS	121	315.1103	1.2622	1.2622	0.0777	0.0588
chr12:56486531-56486604:ERBB3|NM_001982|exon|10|CDS	74	163.6815	0.6706	0.6706	0.0839	0.0567
chr12:56486770-56486860:ERBB3|NM_001982|exon|11|CDS	91	212.1578	0.8145	0.8145	0.0940	0.0785
chr12:56487129-56487334:ERBB3|NM_001982|exon|12|CDS	206	372.6848	1.2933	1.2933	0.0500	0.0393
chr12:56487548-56487680:ERBB3|NM_001982|exon|13|CDS	133	236.6244	0.8776	0.8776	0.0508	0.0450
chr12:56487883-56487973:ERBB3|NM_001982|exon|14|CDS	91	119.7411	0.5108	0.5108	0.0543	0.0359
chr12:56488186-56488340:ERBB3|NM_001982|exon|15|CDS	155	249.3596	0.9630	0.9630	0.0793	0.0625
chr12:56489041-56489094:ERBB3|NM_001982|exon|16|CDS	54	85.9894	0.4042	0.4042	0.0663	0.0505
chr12:56489449-56489590:ERBB3|NM_001982|exon|17|CDS	142	311.2594	1.2138	1.2138	0.0610	0.0405
chr12:56490287-56490406:ERBB3|NM_001982|exon|18|CDS	120	184.0162	0.6891	0.6891	0.1103	0.0748
chr12:56490532-56490630:ERBB3|NM_001982|exon|19|CDS	99	101.3310	0.5047	0.5047	0.0544	0.0470
chr12:56490829-56491014:ERBB3|NM_001982|exon|20|CDS	186	279.3860	1.0992	1.0992	0.0710	0.0538
chr12:56491569-56491724:ERBB3|NM_001982|exon|21|CDS	156	269.0691	1.0700	1.0700	0.0607	0.0395
chr12:56492284-56492359:ERBB3|NM_001982|exon|22|CDS	76	140.0254	0.7185	0.7185	0.0563	0.0405
chr12:56492543-56492689:ERBB3|NM_001982|exon|23|CDS	147	225.9107	0.9130	0.9130	0.0723	0.0555
chr12:56493432-56493529:ERBB3|NM_001982|exon|24|CDS	98	172.8031	0.7698	0.7698	0.0685	0.0584
chr12:56493622-56493813:ERBB3|NM_001982|exon|25|CDS	192	372.7216	1.5298	1.5298	0.1622	0.1388
chr12:56493958-56494029:ERBB3|NM_001982|exon|26|CDS	72	67.9258	0.3666	0.3666	0.0680	0.0464
chr12:56494845-56495145:ERBB3|NM_001982|exon|27|CDS	301	249.0962	0.9785	0.9785	0.0739	0.0674
chr12:56495313-56495839:ERBB3|NM_001982|exon|28|CDS	527	190.7991	0.8182	0.8182	0.0611	0.0456
chr12:112893677-112893692:chr12:112893677-112893692	16	16.9301	0.1096	0.1096	0.0423	0.0372
chr12:133237755-133237767:chr12:133237755-133237767	13	108.6472	0.3920	0.3920	0.1465	0.1088
chr12:133249746-133249868:NM_006231	123	257.2849	0.9514	0.9514	0.1059	0.0674
chr12:133250157-133250298:NM_006231	142	340.9110	1.3159	1.3159	0.1123	0.0809
chr12:133251980-133252108:NM_006231	129	292.2527	1.0252	1.0252	0.0502	0.0329
chr12:133252317-133252411:NM_006231	95	261.1039	0.9750	0.9750	0.0556	0.0480
chr12:133252676-133252795:NM_006231	120	188.2214	0.7137	0.7137	0.1041	0.0823
chr12:133253128-133253244:NM_006231	117	346.6645	1.3377	1.3377	0.1377	0.1101
chr12:133263836-133263950:NM_006231	115	284.0921	1.1242	1.1242	0.2374	0.2032
chr13:32890593-32890669:NM_000059	77	243.7962	0.9202	0.9202	0.0540	0.0359
chr13:32893209-32893467:NM_000059	259	306.7408	1.2407	1.2407	0.0871	0.0693
chr13:32899208-32899326:NM_000059	119	303.6545	1.2538	1.2538	0.1034	0.0641
chr13:32900233-32900292:NM_000059	60	250.6587	0.9042	0.9042	0.1239	0.1096
chr13:32900374-32900424:NM_000059	51	259.0234	0.9671	0.9671	0.0997	0.0758
chr13:32900631-32900755:NM_000059	125	251.2195	0.9481	0.9481	0.0632	0.0487
chr13:32903575-32903634:NM_000059	60	274.2222	1.0341	1.0341	0.0581	0.0482
chr13:32905051-32905172:NM_000059	122	371.9692	1.5535	1.5535	0.2109	0.1996
chr13:32905221-32905231:chr13:32905221-32905231	11	126.7620	0.4904	0.4904	0.0776	0.0621
chr13:32906404-32907529:NM_000059	1126	299.7494	1.1239	1.1239	0.0559	0.0411
chr13:32907537-32907546:chr13:32907537-32907546	10	297.5023	1.0287	1.0287	0.0712	0.0538
chr13:32910397-32915338:NM_000059	4942	263.4293	1.0483	1.0483	0.0683	0.0562
chr13:32918690-32918795:NM_000059	106	278.1047	0.9747	0.9747	0.0396	0.0345
chr13:32920959-32921038:NM_000059	80	322.3445	1.3508	1.3508	0.1852	0.1465
chr13:32928993-32929430:NM_000059	438	319.2741	1.2830	1.2830	0.0860	0.0694
chr13:32930560-32930751:NM_000059	192	314.0849	1.5274	1.5274	0.1040	0.0758
chr13:32931874-32932071:NM_000059	198	210.2799	0.8079	0.8079	0.0758	0.0572
chr13:32936655-32936835:NM_000059	181	281.4273	0.9859	0.9859	0.0531	0.0445
chr13:32937311-32937675:NM_000059	365	282.5546	1.0309	1.0309	0.0357	0.0324
chr13:32944534-32944699:NM_000059	166	338.6013	1.3989	1.3989	0.1642	0.1428
chr13:32945088-32945242:NM_000059	155	309.5279	1.2524	1.2524	0.0995	0.0803
chr13:32950802-32950933:NM_000059	132	247.2582	0.9165	0.9165	0.0349	0.0217
chr13:32953449-32953657:NM_000059	209	338.7086	1.3973	1.3973	0.1404	0.1043
chr13:32953882-32954055:NM_000059	174	307.5290	1.0089	1.0089	0.0478	0.0294
chr13:32954139-32954287:NM_000059	149	309.3926	1.2907	1.2907	0.1145	0.0894
chr13:32968821-32969075:NM_000059	255	317.2266	1.1590	1.1590	0.0473	0.0304
chr13:32971030-32971186:NM_000059	157	303.7982	1.0294	1.0294	0.0464	0.0342
chr13:32972294-32972912:NM_000059	619	308.2578	1.2485	1.2485	0.0877	0.0750
chr13:48619855-48619855:rs116855232	1	294.9818	1.1907	1.1907	0.1287	0.1009
chr13:48878044-48878190:NM_000321	147	228.8680	0.8500	0.8500	0.0954	0.0735
chr13:48881411-48881547:NM_000321	137	281.1325	0.9896	0.9896	0.0406	0.0346
chr13:48916730-48916855:NM_000321	126	265.0591	1.0226	1.0226	0.0771	0.0575
chr13:48919211-48919340:NM_000321	130	240.0839	0.9389	0.9389	0.1141	0.0894
chr13:48921956-48922004:NM_000321	49	131.7256	0.4695	0.4695	0.1138	0.0874
chr13:48923087-48923164:NM_000321	78	229.3122	0.9533	0.9533	0.0978	0.0723
chr13:48934148-48934268:NM_000321	121	225.4168	0.8820	0.8820	0.0457	0.0287
chr13:48936946-48937098:NM_000321	153	261.6613	1.0275	1.0275	0.1016	0.0706
chr13:48939025-48939112:NM_000321	88	271.1325	1.0816	1.0816	0.0925	0.0737
chr13:48941625-48941744:NM_000321	120	257.7764	0.9824	0.9824	0.0807	0.0604
chr13:48942658-48942745:NM_000321	88	316.9880	1.3026	1.3026	0.1670	0.1283
chr13:48947536-48947633:NM_000321	98	320.0581	1.3325	1.3325	0.1569	0.1330
chr13:48951049-48951175:NM_000321	127	212.2958	0.7811	0.7811	0.0573	0.0485
chr13:48953725-48953791:NM_000321	67	245.3289	1.0016	1.0016	0.1846	0.1437
chr13:48954161-48954172:chr13:48954161-48954172	12	53.3784	0.1813	0.1813	0.0925	0.0718
chr13:48954184-48954225:NM_000321	42	93.4009	0.3281	0.3281	0.1224	0.1072
chr13:48954296-48954382:NM_000321	87	295.7958	1.2073	1.2073	0.1559	0.1338
chr13:48955378-48955584:NM_000321	207	389.8659	1.6980	1.6980	0.3069	0.2039
chr13:49027124-49027252:NM_000321	129	263.5321	1.0429	1.0429	0.0967	0.0834
chr13:49030335-49030490:NM_000321	156	279.3782	1.2503	1.2503	0.0835	0.0568
chr13:49033819-49033974:NM_000321	156	321.2436	1.3442	1.3442	0.1770	0.1466
chr13:49037862-49037976:NM_000321	115	319.7293	1.3374	1.3374	0.1717	0.1477
chr13:49039129-49039252:NM_000321	124	226.6434	0.9254	0.9254	0.0802	0.0608
chr13:49039336-49039509:NM_000321	174	246.7340	0.8674	0.8674	0.0414	0.0296
chr13:49047491-49047531:NM_000321	41	279.3501	1.0712	1.0712	0.0919	0.0787
chr13:49050832-49050984:NM_000321	153	201.9944	0.7927	0.7927	0.0631	0.0438
chr13:49051486-49051545:NM_000321	60	315.6646	1.3373	1.3373	0.2967	0.2562
chr13:49054129-49054212:NM_000321	84	327.5937	1.3920	1.3920	0.1948	0.1404
chr14:23652348-23652367:chr14:23652348-23652367	20	10.7000	0.0696	0.0696	0.0312	0.0246
chr14:68944345-68944357:chr14:68944345-68944357	13	5.4991	0.0321	0.0321	0.0136	0.0105
chr14:105236673-105236762:NM_001014432	90	263.3406	1.0386	1.0386	0.0694	0.0443
chr14:105237077-105237189:NM_001014432	113	341.0231	1.2068	1.2068	0.1179	0.0603
chr14:105238697-105238794:NM_001014432	98	330.1751	1.2268	1.2268	0.1021	0.0667
chr14:105239210-105239434:NM_001014432	225	333.9321	1.2676	1.2676	0.0866	0.0613
chr14:105239583-105239721:NM_001014432	139	308.4894	1.1394	1.1394	0.0698	0.0559
chr14:105239787-105239922:NM_001014432	136	287.4302	1.0763	1.0763	0.0623	0.0483
chr14:105240244-105240322:NM_001014432	79	192.1581	0.6989	0.6989	0.0487	0.0362
chr14:105241270-105241345:NM_001014432	76	294.0874	1.1183	1.1183	0.0740	0.0545
chr14:105241408-105241549:NM_001014432	142	317.5226	1.1662	1.1662	0.0681	0.0542
chr14:105241984-105242141:NM_001014432	158	343.8972	1.2777	1.2777	0.1231	0.0876
chr14:105242991-105243112:NM_001014432	122	146.5930	0.5633	0.5633	0.1197	0.0936
chr14:105246420-105246558:NM_001014432	139	284.2513	1.0394	1.0394	0.0765	0.0615
chr14:105258930-105258985:NM_001014432	56	151.7857	0.5851	0.5851	0.1124	0.0690
chr15:51502844-51502844:rs4646	1	133.3770	0.4883	0.4883	0.1193	0.0905
chr15:66679681-66679770:NM_002755	90	161.0524	0.6086	0.6086	0.1133	0.0815
chr15:66727360-66727580:NM_002755	221	342.3033	1.3612	1.3612	0.1360	0.1054
chr15:66729079-66729235:NM_002755	157	230.2435	0.8851	0.8851	0.0678	0.0469
chr15:66735613-66735700:NM_002755	88	236.9511	0.9146	0.9146	0.1325	0.1037
chr15:66736989-66737050:NM_002755	62	293.3532	1.1350	1.1350	0.0965	0.0749
chr15:66774088-66774222:NM_002755	135	122.1875	0.6004	0.6004	0.0421	0.0341
chr15:66777323-66777534:NM_002755	212	293.3184	1.0440	1.0440	0.0467	0.0383
chr15:66779561-66779635:NM_002755	75	294.8331	1.1836	1.1836	0.1740	0.1485
chr15:66781548-66781619:NM_002755	72	200.4579	0.7771	0.7771	0.1180	0.1005
chr15:66782051-66782106:NM_002755	56	284.3822	1.1134	1.1134	0.0585	0.0466
chr15:66782835-66782958:NM_002755	124	242.4185	0.9010	0.9010	0.0641	0.0533
chr15:88420018-88420356:NM_001012338	339	258.2312	0.8975	0.8975	0.0466	0.0366
chr15:88423497-88423664:NM_001012338	168	159.1876	0.6108	0.6108	0.1253	0.1015
chr15:88428921-88428971:NM_001012338	51	199.6955	0.7600	0.7600	0.0839	0.0590
chr15:88472418-88472670:NM_001012338	253	238.9648	0.8417	0.8417	0.0345	0.0305
chr15:88476239-88476420:NM_001012338	182	202.0485	0.7551	0.7551	0.0673	0.0551
chr15:88483850-88483989:NM_001012338	140	171.7795	0.6577	0.6577	0.0570	0.0351
chr15:88576084-88576281:NM_001012338	198	183.0181	0.6596	0.6596	0.0627	0.0436
chr15:88669498-88669609:NM_001012338	112	252.9609	0.8806	0.8806	0.0492	0.0314
chr15:88670389-88671970:NM_001012338	1582	227.2067	0.8637	0.8637	0.0237	0.0188
chr15:90631814-90631984:NM_002168	171	206.3955	0.7809	0.7809	0.1078	0.0863
chr15:91303327-91303337:chr15:91303327-91303337	11	137.9821	0.4920	0.4920	0.1429	0.1145
chr16:68771314-68771371:NM_004360	58	219.7404	0.8459	0.8459	0.0494	0.0379
chr16:68772195-68772319:NM_004360	125	212.9957	0.8489	0.8489	0.0956	0.0645
chr16:68835568-68835801:NM_004360	234	339.0135	1.1668	1.1668	0.0508	0.0390
chr16:68842322-68842475:NM_004360	154	217.4599	0.8413	0.8413	0.0680	0.0456
chr16:68842591-68842756:NM_004360	166	158.4558	0.6301	0.6301	0.0996	0.0605
chr16:68844095-68844249:NM_004360	155	335.7273	1.2497	1.2497	0.0708	0.0509
chr16:68845582-68845767:NM_004360	186	134.7848	0.6015	0.6015	0.0646	0.0436
chr16:68846033-68846171:NM_004360	139	257.6269	0.9796	0.9796	0.0817	0.0615
chr16:68847211-68847403:NM_004360	193	157.0587	0.5883	0.5883	0.1037	0.0691
chr16:68849413-68849667:NM_004360	255	340.4002	1.1989	1.1989	0.0564	0.0413
chr16:68853178-68853333:NM_004360	156	260.2309	1.0055	1.0055	0.0916	0.0630
chr16:68855899-68856133:NM_004360	235	335.2921	1.2254	1.2254	0.0691	0.0569
chr16:68857297-68857534:NM_004360	238	307.4929	1.2630	1.2630	0.1251	0.0919
chr16:68862072-68862212:NM_004360	141	299.8646	1.0408	1.0408	0.0619	0.0460
chr16:68863552-68863705:NM_004360	154	268.6876	0.9626	0.9626	0.0489	0.0354
chr16:68867188-68867407:NM_004360	220	308.4154	1.1757	1.1757	0.0869	0.0691
chr16:69745145-69745145:rs1800566	1	235.5741	0.8849	0.8849	0.0939	0.0843
chr16:87889203-87889203:rs4240803	1	379.3793	1.2170	1.2170	0.0536	0.0290
chr17:7572922-7573013:NM_000546	92	213.5553	0.8244	0.8244	0.1218	0.0957
chr17:7573922-7574038:NM_000546	117	320.1228	1.3393	1.3393	0.1551	0.1210
chr17:7576848-7576931:NM_000546	84	317.0645	1.2931	1.2931	0.0828	0.0779
chr17:7577014-7577160:NM_000546	147	388.5753	1.5513	1.5513	0.1313	0.0980
chr17:7577494-7577613:NM_000546	120	199.7323	0.7813	0.7813	0.1035	0.0799
chr17:7578172-7578294:NM_000546	123	227.8364	0.8791	0.8791	0.1393	0.1085
chr17:7578366-7578559:NM_000546	194	225.0751	0.8889	0.8889	0.0622	0.0470
chr17:7579307-7579595:NM_000546,rs1042522	289	203.2781	0.7870	0.7870	0.1244	0.0916
chr17:7579695-7579726:NM_000546	32	148.2266	0.5739	0.5739	0.1228	0.1047
chr17:7579834-7579917:NM_000546	84	338.7898	1.1722	1.1722	0.0612	0.0424
chr17:29559063-29559087:chr17:29559063-29559087	25	17.1210	0.0929	0.0929	0.0368	0.0308
chr17:37856487-37856569:NM_004448	83	238.8703	0.8628	0.8628	0.0829	0.0583
chr17:37863238-37863399:NM_004448	162	317.5240	1.3285	1.3285	0.1894	0.1467
chr17:37864569-37864792:NM_004448	224	323.2266	1.1653	1.1653	0.0622	0.0505
chr17:37865566-37865710:NM_004448	145	265.1337	0.9982	0.9982	0.0791	0.0623
chr17:37866061-37866139:NM_004448	79	246.1530	0.9208	0.9208	0.0579	0.0421
chr17:37866334-37866459:NM_004448	126	326.0545	1.3578	1.3578	0.2221	0.2027
chr17:37866588-37866739:NM_004448	152	264.8365	1.0085	1.0085	0.0555	0.0455
chr17:37868176-37868305:NM_004448	130	276.7544	0.9574	0.9574	0.0474	0.0374
chr17:37868570-37868706:NM_004448	137	213.1768	0.7509	0.7509	0.0302	0.0201
chr17:37871534-37871617:NM_004448	84	341.1865	1.2938	1.2938	0.1070	0.0927
chr17:37871694-37871794:NM_004448	101	339.8042	1.2578	1.2578	0.0817	0.0571
chr17:37871988-37872197:NM_004448	210	323.8111	1.3543	1.3543	0.1654	0.1324
chr17:37872549-37872691:NM_004448	143	271.4365	0.9812	0.9812	0.0503	0.0331
chr17:37872763-37872863:NM_004448	101	233.8402	0.8905	0.8905	0.0422	0.0307
chr17:37873568-37873738:NM_004448	171	168.6071	0.6428	0.6428	0.0579	0.0436
chr17:37876035-37876092:NM_004448	58	149.3034	0.5904	0.5904	0.0830	0.0593
chr17:37879567-37879715:NM_004448	149	276.5314	0.9265	0.9265	0.0444	0.0339
chr17:37879786-37879918:NM_004448	133	221.5749	0.8343	0.8343	0.0862	0.0645
chr17:37880160-37880268:NM_004448	109	214.4457	0.8196	0.8196	0.0843	0.0736
chr17:37880974-37881169:NM_004448	196	213.5229	0.8047	0.8047	0.0663	0.0528
chr17:37881297-37881462:NM_004448	166	326.3554	1.0846	1.0846	0.0305	0.0237
chr17:37881575-37881660:NM_004448	86	100.0143	0.3878	0.3878	0.0913	0.0729
chr17:37881955-37882111:NM_004448	157	361.0244	1.1640	1.1640	0.0477	0.0340
chr17:37882810-37882917:NM_004448	108	202.6837	0.7751	0.7751	0.0728	0.0614
chr17:37883063-37883261:NM_004448	199	338.8334	1.1775	1.1775	0.0522	0.0394
chr17:37883543-37883805:NM_004448	263	173.1158	0.6679	0.6679	0.0716	0.0558
chr17:37883937-37884302:NM_004448	366	218.4515	0.8323	0.8323	0.0683	0.0592
chr17:41197690-41197824:NM_007294	135	282.9946	1.0700	1.0700	0.0801	0.0571
chr17:41199655-41199725:NM_007294	71	298.9512	1.1935	1.1935	0.0515	0.0395
chr17:41201133-41201216:NM_007294	84	145.9162	0.6430	0.6430	0.0686	0.0526
chr17:41203075-41203139:NM_007294	65	329.1092	1.1824	1.1824	0.0604	0.0485
chr17:41209064-41209157:NM_007294	94	199.2932	0.7800	0.7800	0.0931	0.0713
chr17:41215345-41215395:NM_007294	51	143.0900	0.5078	0.5078	0.1523	0.0961
chr17:41215886-41215973:NM_007294	88	329.9713	1.2338	1.2338	0.0737	0.0634
chr17:41219620-41219717:NM_007294	98	280.4747	1.0806	1.0806	0.0864	0.0561
chr17:41222940-41223260:NM_007294	321	341.3114	1.4238	1.4238	0.1031	0.0805
chr17:41226343-41226543:NM_007294	201	202.5956	0.8346	0.8346	0.0589	0.0469
chr17:41228500-41228636:NM_007294	137	218.7674	0.8087	0.8087	0.0846	0.0595
chr17:41234416-41234597:NM_007294	182	247.3524	0.9695	0.9695	0.0779	0.0696
chr17:41242956-41243054:NM_007294	99	144.7144	0.5699	0.5699	0.0845	0.0614
chr17:41243447-41246882:NM_007294	3436	349.8742	1.1194	1.1194	0.0197	0.0156
chr17:41247858-41247944:NM_007294	87	81.9165	0.4156	0.4156	0.0670	0.0519
chr17:41249256-41249311:NM_007294	56	320.9250	1.1373	1.1373	0.0493	0.0365
chr17:41251787-41251902:NM_007294	116	252.0229	0.9710	0.9710	0.0450	0.0402
chr17:41256134-41256283:NM_007294	150	285.2633	1.0605	1.0605	0.0783	0.0593
chr17:41256880-41256978:NM_007294	99	126.9111	0.4544	0.4544	0.1308	0.0859
chr17:41258468-41258555:NM_007294	88	231.2873	0.8649	0.8649	0.1581	0.1239
chr17:41267738-41267801:NM_007294	64	185.4960	0.7577	0.7577	0.1085	0.0764
chr17:41276029-41276118:NM_007294	90	293.1212	1.1788	1.1788	0.0697	0.0523
chr18:673444-673452:rs11280056	9	136.3961	0.5568	0.5568	0.0627	0.0358
chr18:45395847-45395863:chr18:45395847-45395863	17	52.7835	0.2397	0.2397	0.0891	0.0563
chr18:48573412-48573670:NM_005359	259	293.7917	1.1441	1.1441	0.0816	0.0594
chr18:48575051-48575235:NM_005359	185	275.5214	1.1299	1.1299	0.1014	0.0666
chr18:48575660-48575699:NM_005359	40	347.8123	1.4497	1.4497	0.2462	0.2069
chr18:48581146-48581368:NM_005359	223	306.1266	1.2369	1.2369	0.1240	0.0997
chr18:48584490-48584619:NM_005359	130	184.0069	0.7637	0.7637	0.0660	0.0616
chr18:48584705-48584831:NM_005359	127	185.3273	0.7695	0.7695	0.0926	0.0788
chr18:48584857-48584871:chr18:48584857-48584871	15	70.2500	0.2877	0.2877	0.1154	0.0901
chr18:48586231-48586291:NM_005359	61	359.3586	1.5409	1.5409	0.2217	0.1692
chr18:48591788-48591981:NM_005359	194	365.2236	1.5885	1.5885	0.2304	0.1800
chr18:48593384-48593562:NM_005359	179	280.8028	1.1224	1.1224	0.0789	0.0554
chr18:48603003-48603151:NM_005359	149	453.3320	2.0547	2.0547	0.5123	0.4371
chr18:48604621-48604842:NM_005359	222	354.4280	1.5016	1.5016	0.2317	0.1893
chr19:1206908-1207207:NM_000455	300	341.4167	1.2940	1.2940	0.0610	0.0488
chr19:1218411-1218504:NM_000455	94	318.3714	1.3077	1.3077	0.2166	0.1514
chr19:1219318-1219417:NM_000455	100	241.8942	0.9217	0.9217	0.0880	0.0654
chr19:1220367-1220509:NM_000455	143	343.9374	1.3977	1.3977	0.1430	0.1173
chr19:1220575-1220721:NM_000455	147	344.0930	1.2939	1.2939	0.1147	0.0886
chr19:1221207-1221344:NM_000455	138	159.8441	0.6083	0.6083	0.0678	0.0599
chr19:1221943-1222010:NM_000455	68	297.3947	1.1330	1.1330	0.1385	0.1048
chr19:1222979-1223176:NM_000455	198	296.4129	1.0768	1.0768	0.0561	0.0412
chr19:1226448-1226651:NM_000455	204	413.9663	1.6091	1.6091	0.2449	0.2192
chr19:3094645-3094790:NM_002067	146	227.2508	1.0134	1.0134	0.3976	0.2634
chr19:3110142-3110336:NM_002067	195	415.1715	1.5972	1.5972	0.1991	0.1530
chr19:3113323-3113487:NM_002067	165	254.5660	1.0581	1.0581	0.1552	0.1104
chr19:3114937-3115075:NM_002067	139	226.1678	0.8645	0.8645	0.0610	0.0467
chr19:3118917-3119056:NM_002067	140	192.7492	0.7240	0.7240	0.0753	0.0601
chr19:3119199-3119362:NM_002067	164	158.1310	0.6073	0.6073	0.1330	0.0868
chr19:3120982-3121182:NM_002067	201	251.4643	0.9608	0.9608	0.0806	0.0571
chr19:41512841-41512841:rs3745274	1	200.7308	0.7620	0.7620	0.0741	0.0482
chr19:44055726-44055726:rs25487	1	296.5600	1.1073	1.1073	0.1433	0.0987
chr19:45912736-45912736:rs3212986	1	328.9091	1.1494	1.1494	0.0374	0.0301
chr19:45923653-45923653:rs11615	1	286.2051	1.1202	1.1202	0.0719	0.0617
chr19:50902104-50902315:NM_002691	212	333.5464	1.1538	1.1538	0.0712	0.0576
chr19:50902623-50902746:NM_002691	124	176.3289	0.6527	0.6527	0.0794	0.0684
chr19:50905030-50905186:NM_002691	157	249.0487	0.8802	0.8802	0.0510	0.0342
chr19:50905251-50905386:NM_002691	136	304.0465	1.1924	1.1924	0.1763	0.1103
chr19:50905457-50905635:NM_002691	179	280.4669	0.9428	0.9428	0.0377	0.0317
chr19:50905706-50905797:NM_002691	92	234.1639	0.8381	0.8381	0.0689	0.0525
chr19:50905864-50906003:NM_002691	140	260.3670	0.9938	0.9938	0.0740	0.0658
chr19:50906305-50906481:NM_002691	177	307.0979	0.9673	0.9673	0.0359	0.0267
chr19:50906745-50906859:NM_002691	115	192.2274	0.7268	0.7268	0.0881	0.0685
chr19:50909434-50909584:NM_002691	151	320.2145	1.2310	1.2310	0.1166	0.0964
chr19:50909659-50909779:NM_002691	121	302.0849	1.1796	1.1796	0.1459	0.1348
chr19:50910235-50910436:NM_002691	202	265.8192	0.9790	0.9790	0.0768	0.0610
chr19:50910579-50910677:NM_002691	99	334.8878	1.1739	1.1739	0.1075	0.0975
chr19:50912037-50912163:NM_002691	127	125.6696	0.4768	0.4768	0.0992	0.0762
chr19:50912374-50912497:NM_002691	124	107.1825	0.4610	0.4610	0.0743	0.0568
chr19:50912771-50912928:NM_002691	158	299.4870	1.2140	1.2140	0.1584	0.1379
chr19:50916678-50916783:NM_002691	106	93.0728	0.3884	0.3884	0.1035	0.0699
chr19:50916994-50917141:NM_002691	148	343.4279	1.1254	1.1254	0.0533	0.0431
chr19:50918067-50918252:NM_002691	186	176.1144	0.7409	0.7409	0.0516	0.0395
chr19:50918690-50918852:NM_002691	163	277.2665	1.0176	1.0176	0.0673	0.0451
chr19:50918976-50919088:NM_002691	113	190.5425	0.7152	0.7152	0.0608	0.0526
chr19:50919648-50919790:NM_002691	143	305.9657	1.3579	1.3579	0.3303	0.2475
chr19:50919862-50919985:NM_002691	124	317.4262	1.0940	1.0940	0.0837	0.0520
chr19:50920297-50920359:NM_002691	63	253.6211	0.8629	0.8629	0.0446	0.0362
chr19:50920424-50920531:NM_002691	108	309.5957	1.1637	1.1637	0.0973	0.0771
chr19:50921094-50921209:NM_002691	116	212.1233	0.8075	0.8075	0.1666	0.0846
chr21:37518706-37518706:rs1056892	1	325.2545	1.2907	1.2907	0.1254	0.0994
chr22:19951271-19951271:rs4680	1	322.1053	1.2338	1.2338	0.0736	0.0489
chr22:42524947-42524947:rs3892097	1	58.1930	0.2168	0.2168	0.0727	0.0555
chr22:44324727-44324727:rs738409	1	190.8868	0.6902	0.6902	0.0867	0.0635
